0.000010 0.121315 0.878665 0.000010
0.009996 0.000010 0.859011 0.130983
0.006306 0.197450 0.796235 0.000010
0.000010 0.999970 0.000010 0.000010
0.999969 0.000010 0.000011 0.000010
0.999970 0.000010 0.000010 0.000010
0.000010 0.120986 0.789282 0.089722
0.000010 0.092174 0.907806 0.000010
0.000747 0.237473 0.726860 0.034919
0.005584 0.000010 0.842925 0.151482
0.000010 0.000010 0.000010 0.999970
0.000010 0.168122 0.757768 0.074100
0.000010 0.207976 0.720285 0.071729
0.009263 0.000010 0.903189 0.087538
0.000010 0.040558 0.883750 0.075682
0.008989 0.000010 0.870369 0.120632
0.999970 0.000010 0.000010 0.000010
0.000010 0.000010 0.000010 0.999970
0.000010 0.139972 0.731879 0.128139
0.999968 0.000010 0.000012 0.000010
0.999967 0.000013 0.000010 0.000010
0.000010 0.999970 0.000010 0.000010
0.002316 0.282597 0.715077 0.000010
0.001128 0.000010 0.998852 0.000010
0.002015 0.090015 0.879389 0.028580
0.000010 0.168742 0.831238 0.000010
0.999969 0.000011 0.000010 0.000010
0.999967 0.000013 0.000010 0.000010
0.019616 0.063520 0.566686 0.350178
0.999969 0.000011 0.000010 0.000010
0.999970 0.000010 0.000010 0.000010
0.000010 0.999970 0.000010 0.000010
0.000010 0.167060 0.758731 0.074199
0.003870 0.422085 0.574035 0.000010
0.011022 0.000010 0.821339 0.167629
0.006396 0.034745 0.683879 0.274979
0.000010 0.253601 0.638589 0.107799
0.001487 0.182570 0.815933 0.000010
0.999969 0.000011 0.000010 0.000010
