0.000010 0.000010 0.187021 0.000010 0.812949
0.000010 0.011756 0.000010 0.148221 0.840003
0.010186 0.000010 0.318385 0.000010 0.671410
0.000010 0.000010 0.999960 0.000010 0.000010
0.000010 0.999960 0.000010 0.000010 0.000010
0.752236 0.247730 0.000014 0.000010 0.000010
0.000010 0.000010 0.197763 0.127416 0.674801
0.000010 0.000010 0.149925 0.000010 0.850045
0.006764 0.000010 0.324211 0.024352 0.644663
0.002361 0.000010 0.000010 0.149815 0.847805
0.000010 0.000010 0.000010 0.999960 0.000010
0.000010 0.000010 0.255686 0.006966 0.737328
0.000010 0.000010 0.308322 0.115187 0.576471
0.008149 0.000010 0.000010 0.077770 0.914061
0.000010 0.000010 0.122716 0.068516 0.808748
0.000010 0.004330 0.000010 0.000010 0.995640
0.000010 0.999957 0.000013 0.000010 0.000010
0.000010 0.000010 0.000010 0.999960 0.000010
0.000010 0.001978 0.217395 0.160506 0.620111
0.999960 0.000010 0.000010 0.000010 0.000010
0.999960 0.000010 0.000010 0.000010 0.000010
0.000010 0.000010 0.999960 0.000010 0.000010
0.000010 0.007497 0.505790 0.007705 0.478998
0.000010 0.000010 0.000010 0.000010 0.999960
0.003680 0.000010 0.146385 0.000010 0.849915
0.000010 0.000010 0.360388 0.000010 0.639582
0.000013 0.999957 0.000010 0.000010 0.000010
0.827701 0.172265 0.000015 0.000010 0.000010
0.000010 0.000010 0.000010 0.999960 0.000010
0.999960 0.000010 0.000010 0.000010 0.000010
0.000010 0.999955 0.000015 0.000010 0.000010
0.000010 0.000010 0.999960 0.000010 0.000010
0.000010 0.000010 0.239560 0.144435 0.615985
0.000010 0.000010 0.999960 0.000010 0.000010
0.010091 0.000010 0.000010 0.211289 0.778599
0.004865 0.000010 0.085233 0.382995 0.526897
0.000010 0.000010 0.384093 0.147611 0.468275
0.000010 0.006151 0.282486 0.000010 0.711343
0.999960 0.000010 0.000010 0.000010 0.000010
