0.703882 0.213997 0.000010 0.000010 0.082101
0.993777 0.000010 0.000010 0.006193 0.000010
0.600353 0.253923 0.009329 0.000010 0.136386
0.000010 0.000010 0.000010 0.000010 0.999960
0.000010 0.000010 0.000010 0.999960 0.000010
0.000010 0.000010 0.752438 0.247532 0.000010
0.749907 0.184114 0.000010 0.000010 0.065959
0.732950 0.222203 0.000010 0.000010 0.044826
0.623897 0.224941 0.005132 0.000010 0.146020
0.999960 0.000010 0.000010 0.000010 0.000010
0.999960 0.000010 0.000010 0.000010 0.000010
0.718983 0.195554 0.000010 0.000010 0.085443
0.612244 0.296749 0.000010 0.000010 0.090987
0.905368 0.085868 0.008744 0.000010 0.000010
0.798898 0.140189 0.000010 0.000010 0.060892
0.999960 0.000010 0.000010 0.000010 0.000010
0.000010 0.000010 0.000010 0.999960 0.000010
0.956631 0.028044 0.000010 0.015305 0.000010
0.725486 0.215346 0.000010 0.000488 0.058671
0.000010 0.000010 0.999960 0.000010 0.000010
0.000010 0.000010 0.999960 0.000010 0.000010
0.000010 0.000010 0.000010 0.000010 0.999960
0.000010 0.999960 0.000010 0.000010 0.000010
0.753495 0.217600 0.000010 0.009946 0.018948
0.776350 0.147554 0.003076 0.000010 0.073011
0.000010 0.999960 0.000010 0.000010 0.000010
0.000010 0.000010 0.000010 0.999960 0.000010
0.000010 0.000010 0.827941 0.172029 0.000010
0.934637 0.000010 0.000010 0.014683 0.050659
0.000010 0.000010 0.999960 0.000010 0.000010
0.000010 0.000010 0.000010 0.999960 0.000010
0.000010 0.574844 0.000010 0.000010 0.425126
0.697007 0.224495 0.000010 0.000010 0.078478
0.000010 0.999960 0.000010 0.000010 0.000010
0.995671 0.000010 0.004299 0.000010 0.000010
0.975860 0.001038 0.000128 0.000010 0.022965
0.513145 0.384008 0.000010 0.000010 0.102827
0.601185 0.300073 0.000010 0.004527 0.094205
0.000010 0.000010 0.999960 0.000010 0.000010
