0.000010 0.125783 0.000010 0.000010 0.000010 0.874177
0.000010 0.000010 0.000010 0.006984 0.000010 0.992976
0.148728 0.203525 0.008559 0.000010 0.000010 0.639168
0.000010 0.999950 0.000010 0.000010 0.000010 0.000010
0.000010 0.000010 0.000010 0.999950 0.000010 0.000010
0.000010 0.000010 0.752358 0.247602 0.000010 0.000010
0.153257 0.124481 0.000010 0.000010 0.056638 0.665603
0.047916 0.108197 0.000010 0.000010 0.000010 0.843857
0.026653 0.243081 0.003864 0.000010 0.000010 0.726381
0.000010 0.000010 0.000010 0.000010 0.999950 0.000010
0.153028 0.000598 0.000010 0.010605 0.233898 0.601862
0.000010 0.200343 0.000010 0.000010 0.008856 0.790771
0.234922 0.181457 0.000010 0.000010 0.025523 0.558078
0.004669 0.000010 0.008499 0.000010 0.099725 0.887087
0.089752 0.063901 0.000010 0.000010 0.026723 0.819604
0.000010 0.000010 0.000010 0.000010 0.000010 0.999950
0.000010 0.000010 0.000010 0.999950 0.000010 0.000010
0.000010 0.000010 0.000010 0.000010 0.999950 0.000010
0.166034 0.132135 0.000010 0.002577 0.081554 0.617690
0.000010 0.000010 0.999950 0.000010 0.000010 0.000010
0.000017 0.000010 0.999940 0.000014 0.000010 0.000010
0.000010 0.999947 0.000010 0.000010 0.000013 0.000010
0.999950 0.000010 0.000010 0.000010 0.000010 0.000010
0.192455 0.002213 0.000010 0.009676 0.000010 0.795636
0.000010 0.101130 0.000010 0.000010 0.000010 0.898830
0.999946 0.000014 0.000010 0.000010 0.000010 0.000010
0.000010 0.000010 0.000010 0.999950 0.000010 0.000010
0.000010 0.000010 0.827454 0.172506 0.000010 0.000010
0.115084 0.072476 0.019203 0.003678 0.215591 0.573968
0.000010 0.000010 0.999950 0.000010 0.000010 0.000010
0.000010 0.000010 0.000010 0.999950 0.000010 0.000010
0.000010 0.999950 0.000010 0.000010 0.000010 0.000010
0.161810 0.160607 0.000010 0.000010 0.042512 0.635052
0.594247 0.397658 0.008065 0.000010 0.000010 0.000010
0.000010 0.000010 0.008527 0.000010 0.108646 0.882797
0.999950 0.000010 0.000010 0.000010 0.000010 0.000010
0.341916 0.201378 0.000010 0.000010 0.099919 0.356767
0.179803 0.166584 0.000010 0.005818 0.000010 0.647775
0.000010 0.000010 0.999950 0.000010 0.000010 0.000010
