0.760027 0.147016 0.000010 0.092948
0.999970 0.000010 0.000010 0.000010
0.655638 0.230174 0.006109 0.108080
0.000010 0.999970 0.000010 0.000010
0.000010 0.000010 0.999970 0.000010
0.000010 0.000010 0.999970 0.000010
0.794823 0.140096 0.000010 0.065071
0.766386 0.131438 0.000010 0.102165
0.672321 0.258917 0.000010 0.068752
0.963747 0.000010 0.000010 0.036233
0.999418 0.000010 0.000562 0.000010
0.777422 0.212983 0.000010 0.009585
0.653642 0.205555 0.000010 0.140793
0.950185 0.000010 0.004310 0.045495
0.854558 0.074391 0.000010 0.071041
0.999970 0.000010 0.000010 0.000010
0.000011 0.000010 0.999969 0.000010
0.958027 0.000010 0.014462 0.027501
0.766408 0.138901 0.000010 0.094681
0.000011 0.000010 0.999969 0.000010
0.000010 0.000010 0.999970 0.000010
0.000010 0.999970 0.000010 0.000010
0.000010 0.000010 0.000010 0.999970
0.784083 0.038795 0.009150 0.167972
0.831094 0.138896 0.000010 0.030000
0.000010 0.000010 0.000010 0.999970
0.000010 0.000010 0.999970 0.000010
0.000010 0.000011 0.999969 0.000010
0.948480 0.039135 0.012375 0.000010
0.000010 0.000010 0.999970 0.000010
0.000010 0.000010 0.999970 0.000010
0.000010 0.999970 0.000010 0.000010
0.738931 0.180847 0.000010 0.080212
0.336534 0.366074 0.007726 0.289666
0.998690 0.000010 0.001290 0.000010
0.979052 0.020928 0.000010 0.000010
0.581051 0.218368 0.000010 0.200571
0.658219 0.209743 0.003765 0.128273
0.000010 0.000010 0.999970 0.000010
