0.000010 0.674061 0.325919 0.000010
0.000010 0.998733 0.000010 0.001247
0.000010 0.527948 0.461105 0.010937
0.000010 0.000010 0.999970 0.000010
0.999970 0.000010 0.000010 0.000010
0.243383 0.000010 0.000010 0.756597
0.000010 0.700237 0.299743 0.000010
0.000010 0.705582 0.294398 0.000010
0.000010 0.593443 0.405493 0.001055
0.000010 0.999970 0.000010 0.000010
0.000773 0.999207 0.000010 0.000010
0.000010 0.685634 0.314346 0.000010
0.000010 0.554798 0.445182 0.000010
0.000010 0.994070 0.000010 0.005910
0.000010 0.792053 0.207927 0.000010
0.000010 0.999970 0.000010 0.000010
0.999970 0.000010 0.000010 0.000010
0.018501 0.981479 0.000010 0.000010
0.000010 0.684908 0.315072 0.000010
0.000010 0.000010 0.000010 0.999970
0.000010 0.000010 0.000010 0.999970
0.000010 0.000010 0.999970 0.000010
0.000010 0.000010 0.999970 0.000010
0.000010 0.731718 0.255117 0.013155
0.002309 0.752855 0.244827 0.000010
0.000010 0.310034 0.689946 0.000010
0.999970 0.000010 0.000010 0.000010
0.151106 0.000010 0.000010 0.848874
0.000010 0.987651 0.000010 0.012329
0.000010 0.000010 0.000010 0.999970
0.999970 0.000010 0.000010 0.000010
0.000010 0.000010 0.999970 0.000010
0.000010 0.663285 0.336695 0.000010
0.000010 0.000010 0.999970 0.000010
0.000010 0.999536 0.000010 0.000444
0.000010 0.986704 0.008940 0.004345
0.000010 0.480877 0.517023 0.002090
0.007238 0.555336 0.437416 0.000010
0.000010 0.000010 0.000010 0.999970
