0.674460 0.000010 0.325520 0.000010
0.995548 0.000010 0.000010 0.004432
0.530579 0.010022 0.459389 0.000010
0.000010 0.000010 0.999970 0.000010
0.000010 0.000010 0.000010 0.999970
0.000010 0.752445 0.000010 0.247535
0.703627 0.000010 0.296353 0.000010
0.712732 0.000010 0.287248 0.000010
0.583009 0.004655 0.412327 0.000010
0.999967 0.000013 0.000010 0.000010
0.999970 0.000010 0.000010 0.000010
0.673865 0.000010 0.326115 0.000010
0.568929 0.000010 0.431051 0.000010
0.994403 0.005577 0.000010 0.000010
0.773877 0.000010 0.226103 0.000010
0.999970 0.000010 0.000010 0.000010
0.000010 0.000010 0.000010 0.999970
0.986637 0.000010 0.000010 0.013343
0.684482 0.000010 0.315262 0.000246
0.000010 0.999970 0.000010 0.000010
0.000010 0.999970 0.000010 0.000010
0.000010 0.000010 0.999970 0.000010
0.000010 0.000010 0.999970 0.000010
0.745571 0.000010 0.244714 0.009705
0.743057 0.002557 0.254377 0.000010
0.330147 0.000010 0.669833 0.000010
0.000010 0.000010 0.000010 0.999970
0.000010 0.827964 0.000010 0.172016
0.986394 0.000011 0.000010 0.013585
0.000010 0.999970 0.000010 0.000010
0.000010 0.000010 0.000010 0.999970
0.000010 0.000010 0.999970 0.000010
0.658899 0.000010 0.341081 0.000010
0.000010 0.000010 0.999970 0.000010
0.998090 0.001890 0.000010 0.000010
0.953337 0.000259 0.046394 0.000010
0.487927 0.000010 0.512053 0.000010
0.574447 0.000010 0.420391 0.005153
0.000010 0.999970 0.000010 0.000010
