0.820772 0.179218 0.000010
0.997012 0.000010 0.002978
0.716851 0.276780 0.006369
0.000011 0.999979 0.000010
0.000010 0.000010 0.999980
0.000010 0.000010 0.999980
0.836053 0.163937 0.000010
0.834525 0.165465 0.000010
0.711695 0.287910 0.000395
0.998623 0.000010 0.001367
0.994077 0.000010 0.005913
0.781766 0.218224 0.000010
0.735768 0.264222 0.000010
0.994323 0.000010 0.005667
0.911397 0.088593 0.000010
0.998834 0.000010 0.001156
0.000010 0.000010 0.999980
0.983299 0.000010 0.016691
0.821525 0.178465 0.000010
0.000010 0.000010 0.999980
0.000010 0.000010 0.999980
0.000010 0.999980 0.000010
0.628243 0.367883 0.003874
0.898751 0.092885 0.008365
0.850976 0.148148 0.000875
0.722072 0.277918 0.000010
0.000010 0.000010 0.999980
0.000010 0.000010 0.999980
0.956791 0.027416 0.015793
0.000010 0.000010 0.999980
0.000010 0.000010 0.999980
0.000010 0.999980 0.000010
0.789018 0.210972 0.000010
0.498826 0.496438 0.004736
0.994889 0.000010 0.005101
0.989823 0.007388 0.002789
0.697004 0.302986 0.000010
0.743655 0.253339 0.003006
0.000010 0.000010 0.999980
