0.000010 0.000344 0.999646
0.007869 0.019506 0.972625
0.013672 0.000010 0.986318
0.000010 0.000010 0.999980
0.000012 0.999978 0.000010
0.752024 0.247966 0.000010
0.005976 0.000010 0.994014
0.000010 0.000010 0.999980
0.010320 0.000010 0.989670
0.020060 0.000010 0.979930
0.022171 0.000010 0.977819
0.000010 0.002800 0.997190
0.000010 0.000010 0.999980
0.025352 0.000010 0.974638
0.000010 0.001552 0.998438
0.000010 0.026981 0.973009
0.000010 0.999980 0.000010
0.016754 0.016787 0.966459
0.000010 0.008480 0.991510
0.999980 0.000010 0.000010
0.999980 0.000010 0.000010
0.000010 0.000010 0.999980
0.000010 0.006535 0.993455
0.004656 0.014509 0.980835
0.012425 0.000010 0.987565
0.000010 0.000010 0.999980
0.000010 0.999980 0.000010
0.826665 0.173325 0.000010
0.032707 0.000010 0.967283
0.999980 0.000010 0.000010
0.000010 0.999980 0.000010
0.000010 0.000010 0.999980
0.000010 0.000010 0.999980
0.002809 0.000010 0.997181
0.026784 0.000010 0.973206
0.017770 0.000010 0.982220
0.002846 0.000010 0.997144
0.000010 0.009771 0.990219
0.999980 0.000010 0.000010
