0.159181 0.000010 0.785652 0.000010 0.055136 0.000010
0.000010 0.000010 0.751624 0.239726 0.000010 0.008620
0.267167 0.014809 0.521386 0.000010 0.196618 0.000010
0.999949 0.000010 0.000010 0.000011 0.000010 0.000010
0.000010 0.000011 0.000010 0.000010 0.000010 0.999949
0.000010 0.756108 0.000010 0.000010 0.000010 0.243852
0.000010 0.000010 0.000010 0.000010 0.999950 0.000010
0.119447 0.000010 0.862607 0.000010 0.017916 0.000010
0.288224 0.006062 0.577508 0.006674 0.121522 0.000010
0.000010 0.002795 0.789206 0.207969 0.000010 0.000010
0.000010 0.000010 0.000010 0.999950 0.000010 0.000010
0.220135 0.000010 0.621922 0.087450 0.070472 0.000010
0.288692 0.000010 0.448555 0.139333 0.123399 0.000010
0.000010 0.000010 0.854489 0.138558 0.000010 0.006923
0.000010 0.000010 0.999950 0.000010 0.000010 0.000010
0.000010 0.000010 0.999950 0.000010 0.000010 0.000010
0.000010 0.000010 0.000010 0.000010 0.000010 0.999950
0.000010 0.000010 0.000010 0.999950 0.000010 0.000010
0.000010 0.000010 0.000010 0.000010 0.999950 0.000010
0.000010 0.999259 0.000010 0.000010 0.000010 0.000701
0.000010 0.999567 0.000010 0.000010 0.000010 0.000393
0.999950 0.000010 0.000010 0.000010 0.000010 0.000010
0.486251 0.000010 0.452726 0.000010 0.050132 0.010870
0.000010 0.006368 0.874542 0.000010 0.119060 0.000010
0.099248 0.004823 0.782176 0.000010 0.113734 0.000010
0.357852 0.000010 0.642108 0.000010 0.000010 0.000010
0.000010 0.000010 0.000010 0.000010 0.000010 0.999950
0.000010 0.848434 0.000010 0.000010 0.000010 0.151526
0.000010 0.000010 0.000010 0.999950 0.000010 0.000010
0.000010 0.999950 0.000010 0.000010 0.000010 0.000010
0.000010 0.000010 0.000010 0.000010 0.000010 0.999950
0.999950 0.000010 0.000010 0.000010 0.000010 0.000010
0.205100 0.000010 0.445319 0.170473 0.179088 0.000010
0.999950 0.000010 0.000010 0.000010 0.000010 0.000010
0.000010 0.007481 0.678069 0.314419 0.000010 0.000010
0.000010 0.000010 0.000010 0.999950 0.000010 0.000010
0.372664 0.002977 0.397811 0.186829 0.039708 0.000010
0.247587 0.000010 0.611911 0.000010 0.132297 0.008184
0.000010 0.999950 0.000010 0.000010 0.000010 0.000010
