0.983593 0.000010 0.016367 0.000010 0.000010 0.000010
0.000010 0.999950 0.000010 0.000010 0.000010 0.000010
0.731583 0.091124 0.164989 0.012283 0.000010 0.000010
0.000019 0.000010 0.999804 0.000010 0.000146 0.000010
0.000010 0.000010 0.000010 0.000010 0.000010 0.999950
0.000010 0.000010 0.000010 0.756163 0.000010 0.243797
0.687205 0.083567 0.088880 0.000010 0.140328 0.000010
0.999950 0.000010 0.000010 0.000010 0.000010 0.000010
0.781612 0.000010 0.213424 0.004933 0.000010 0.000010
0.795900 0.000010 0.000010 0.000010 0.193882 0.010188
0.000010 0.000015 0.000010 0.000010 0.999945 0.000010
0.853889 0.000010 0.137750 0.000010 0.008331 0.000010
0.543989 0.160674 0.166970 0.000010 0.128347 0.000010
0.704920 0.129816 0.000010 0.016222 0.149022 0.000010
0.903759 0.000010 0.000010 0.000010 0.096201 0.000010
0.785681 0.000010 0.000010 0.000010 0.199202 0.015087
0.000010 0.000010 0.000010 0.000010 0.000010 0.999950
0.425854 0.059366 0.000010 0.000010 0.488351 0.026409
0.625631 0.101125 0.098658 0.000010 0.172565 0.002010
0.000010 0.000010 0.000010 0.999950 0.000010 0.000010
0.000010 0.000010 0.000010 0.999950 0.000010 0.000010
0.000010 0.000010 0.999931 0.000010 0.000029 0.000010
0.000010 0.999950 0.000010 0.000010 0.000010 0.000010
0.898102 0.093329 0.000010 0.008539 0.000010 0.000010
0.995377 0.000010 0.004583 0.000010 0.000010 0.000010
0.000010 0.999950 0.000010 0.000010 0.000010 0.000010
0.000010 0.000010 0.000010 0.000010 0.000010 0.999950
0.000010 0.000010 0.000010 0.849059 0.000010 0.150901
0.000010 0.000010 0.000010 0.000010 0.999950 0.000010
0.000010 0.000010 0.000010 0.999950 0.000010 0.000010
0.000010 0.000010 0.000010 0.000010 0.000010 0.999950
0.000010 0.000010 0.999950 0.000010 0.000010 0.000010
0.620368 0.077986 0.139731 0.000010 0.161895 0.000010
0.000010 0.593043 0.406917 0.000010 0.000010 0.000010
0.684551 0.000010 0.000010 0.014775 0.300643 0.000010
0.000010 0.000010 0.000010 0.000010 0.999950 0.000010
0.377568 0.285846 0.190825 0.003988 0.141763 0.000010
0.786666 0.068654 0.139018 0.000010 0.000010 0.005642
0.000010 0.000010 0.000010 0.999950 0.000010 0.000010
