0.000010 0.176797 0.000010 0.823183
0.010831 0.000010 0.000010 0.989149
0.012382 0.273319 0.000010 0.714289
0.000010 0.999970 0.000010 0.000010
0.000010 0.000010 0.999970 0.000010
0.755674 0.000010 0.244306 0.000010
0.000010 0.161937 0.000010 0.838043
0.000010 0.162786 0.000010 0.837194
0.005141 0.285291 0.000010 0.709558
0.000010 0.000010 0.008028 0.991952
0.000010 0.000010 0.012159 0.987821
0.000010 0.216124 0.000010 0.783856
0.000010 0.261705 0.000010 0.738275
0.012992 0.000010 0.000010 0.986988
0.000010 0.086199 0.000010 0.913781
0.000010 0.000010 0.010510 0.989470
0.000010 0.000010 0.999970 0.000010
0.000010 0.000010 0.024077 0.975903
0.000010 0.176326 0.001564 0.822101
0.999970 0.000010 0.000010 0.000010
0.999970 0.000010 0.000010 0.000010
0.000010 0.999970 0.000010 0.000010
0.000010 0.363560 0.008209 0.628221
0.013993 0.090062 0.000010 0.895935
0.000010 0.145759 0.006182 0.848049
0.000010 0.273889 0.000010 0.726091
0.000010 0.000010 0.999970 0.000010
0.849268 0.000010 0.150712 0.000010
0.000010 0.027751 0.020238 0.952001
0.999970 0.000010 0.000010 0.000010
0.000010 0.000010 0.999970 0.000010
0.000010 0.999970 0.000010 0.000010
0.000010 0.208179 0.000010 0.791801
0.007787 0.492829 0.000010 0.499374
0.013277 0.000010 0.000010 0.986703
0.012688 0.007616 0.000010 0.979686
0.004089 0.299978 0.000010 0.695923
0.000010 0.249556 0.007782 0.742652
0.999970 0.000010 0.000010 0.000010
