0.000010 0.347261 0.000010 0.652719
0.000010 0.000010 0.019175 0.980805
0.011852 0.403060 0.000010 0.585079
0.000010 0.000010 0.000010 0.999970
0.000010 0.000010 0.999970 0.000010
0.752296 0.000010 0.247684 0.000010
0.000662 0.445474 0.003462 0.550402
0.000010 0.367426 0.000010 0.632554
0.008053 0.343989 0.000010 0.647948
0.017586 0.342375 0.000010 0.640030
0.000010 0.983258 0.016722 0.000010
0.000010 0.350882 0.000796 0.648313
0.000010 0.553011 0.000010 0.446969
0.022765 0.308235 0.000010 0.668990
0.000010 0.321258 0.000010 0.678722
0.000010 0.000010 0.001653 0.998327
0.000010 0.000010 0.999970 0.000010
0.000010 0.970621 0.029359 0.000010
0.000010 0.495502 0.007102 0.497386
0.999970 0.000010 0.000010 0.000010
0.999970 0.000010 0.000010 0.000010
0.000010 0.000010 0.000010 0.999970
0.000010 0.999970 0.000010 0.000010
0.010809 0.343879 0.006048 0.639264
0.009526 0.247455 0.000010 0.743009
0.000010 0.999970 0.000010 0.000010
0.000010 0.000010 0.999970 0.000010
0.826506 0.000010 0.173474 0.000010
0.030601 0.436636 0.000010 0.532752
0.999970 0.000010 0.000010 0.000010
0.000010 0.000010 0.999970 0.000010
0.000010 0.576703 0.000010 0.423277
0.000010 0.502741 0.000010 0.497239
0.000010 0.999970 0.000010 0.000010
0.015319 0.000010 0.000010 0.984661
0.015816 0.445517 0.000010 0.538657
0.000010 0.999970 0.000010 0.000010
0.000010 0.506805 0.007849 0.485336
0.999970 0.000010 0.000010 0.000010
