0.000010 0.010448 0.127391 0.000010 0.862141
0.000010 0.000021 0.999949 0.000010 0.000010
0.074573 0.109722 0.021869 0.010602 0.783234
0.000010 0.999960 0.000010 0.000010 0.000010
0.000010 0.000010 0.000010 0.999960 0.000010
0.000010 0.000010 0.000010 0.999960 0.000010
0.254964 0.024668 0.025696 0.000010 0.694661
0.000010 0.000010 0.130098 0.000010 0.869872
0.114941 0.171443 0.109311 0.004335 0.599970
0.267935 0.000010 0.197021 0.009744 0.525291
0.999960 0.000010 0.000010 0.000010 0.000010
0.170633 0.105896 0.092743 0.000010 0.630719
0.203260 0.124171 0.000018 0.000010 0.672541
0.213284 0.000010 0.261758 0.013987 0.510961
0.182349 0.000010 0.142294 0.000010 0.675337
0.000010 0.000010 0.999960 0.000010 0.000010
0.000010 0.000010 0.000010 0.999960 0.000010
0.999665 0.000305 0.000010 0.000010 0.000010
0.285392 0.047210 0.044452 0.000010 0.622935
0.000010 0.000010 0.000010 0.999960 0.000010
0.000011 0.000010 0.000016 0.999953 0.000010
0.000010 0.999960 0.000010 0.000010 0.000010
0.000010 0.039174 0.000010 0.000010 0.960796
0.000010 0.000010 0.080357 0.009396 0.910227
0.133070 0.021289 0.122885 0.006390 0.716366
0.000010 0.000010 0.000010 0.000010 0.999960
0.000010 0.000010 0.000010 0.999960 0.000010
0.000010 0.000010 0.000010 0.999960 0.000010
0.999690 0.000010 0.000010 0.000010 0.000280
0.000010 0.000010 0.000010 0.999960 0.000010
0.000010 0.000010 0.000010 0.999959 0.000010
0.000010 0.999960 0.000010 0.000010 0.000010
0.254858 0.088591 0.000010 0.000010 0.656531
0.000010 0.286693 0.000010 0.005509 0.707778
0.355171 0.000010 0.251373 0.012269 0.381177
0.999960 0.000010 0.000010 0.000010 0.000010
0.210987 0.142091 0.000010 0.000010 0.646902
0.000010 0.000010 0.000010 0.000010 0.999960
0.000010 0.000010 0.000010 0.999960 0.000010
