0.000010 0.133579 0.000010 0.557187 0.077538 0.231676
0.007780 0.253835 0.000010 0.738354 0.000010 0.000010
0.009775 0.052377 0.000010 0.591950 0.138921 0.206968
0.000010 0.000010 0.000010 0.000010 0.999950 0.000010
0.000010 0.000010 0.999950 0.000010 0.000010 0.000010
0.775539 0.000010 0.224421 0.000010 0.000010 0.000010
0.000010 0.000010 0.000010 0.771664 0.068705 0.159601
0.000010 0.129394 0.000010 0.599007 0.046809 0.224771
0.003233 0.112952 0.000010 0.558074 0.151929 0.173802
0.000010 0.122048 0.007994 0.806189 0.000010 0.063749
0.000010 0.000010 0.000010 0.999950 0.000010 0.000010
0.000010 0.150024 0.000010 0.644174 0.083604 0.122178
0.000010 0.000012 0.000010 0.622864 0.108250 0.268853
0.012636 0.175538 0.000010 0.749418 0.000010 0.062387
0.000010 0.104959 0.000010 0.717896 0.041066 0.136059
0.000010 0.999950 0.000010 0.000010 0.000010 0.000010
0.000010 0.000012 0.999942 0.000016 0.000010 0.000010
0.000010 0.000010 0.013987 0.985973 0.000010 0.000010
0.000010 0.000010 0.000010 0.743906 0.058648 0.197415
0.999950 0.000010 0.000010 0.000010 0.000010 0.000010
0.999950 0.000010 0.000010 0.000010 0.000010 0.000010
0.000010 0.000010 0.000010 0.000010 0.999950 0.000010
0.000010 0.000010 0.000010 0.000010 0.000010 0.999950
0.014862 0.000010 0.000010 0.690309 0.012092 0.282718
0.000010 0.104152 0.005332 0.682854 0.066298 0.141354
0.000010 0.000010 0.000010 0.000010 0.000010 0.999950
0.000010 0.000010 0.999950 0.000010 0.000010 0.000010
0.999950 0.000010 0.000010 0.000010 0.000010 0.000010
0.000010 0.000010 0.011845 0.966728 0.021397 0.000010
0.999950 0.000010 0.000010 0.000010 0.000010 0.000010
0.000010 0.000010 0.999950 0.000010 0.000010 0.000010
0.000010 0.327313 0.000010 0.000010 0.434587 0.238070
0.000010 0.000010 0.000010 0.735871 0.085614 0.178485
0.000010 0.999950 0.000010 0.000010 0.000010 0.000010
0.009322 0.143956 0.000010 0.846692 0.000010 0.000010
0.000010 0.000010 0.000010 0.999028 0.000932 0.000010
0.003282 0.074551 0.000010 0.492420 0.121486 0.308251
0.000010 0.000010 0.000010 0.000010 0.000010 0.999950
0.999950 0.000010 0.000010 0.000010 0.000010 0.000010
