0.000010 0.703832 0.082094 0.214054 0.000010
0.006192 0.993778 0.000010 0.000010 0.000010
0.000010 0.600306 0.136370 0.253985 0.009329
0.000015 0.000010 0.999955 0.000010 0.000010
0.999960 0.000010 0.000010 0.000010 0.000010
0.247532 0.000010 0.000010 0.000010 0.752438
0.000010 0.749861 0.065954 0.184165 0.000010
0.000010 0.732904 0.044823 0.222253 0.000010
0.000010 0.623856 0.146012 0.224990 0.005133
0.000010 0.999960 0.000010 0.000010 0.000010
0.000010 0.999960 0.000010 0.000010 0.000010
0.000010 0.718935 0.085433 0.195611 0.000010
0.000010 0.612194 0.090980 0.296806 0.000010
0.000010 0.905318 0.000010 0.085917 0.008744
0.000010 0.798847 0.060888 0.140244 0.000010
0.000010 0.999960 0.000010 0.000010 0.000010
0.999960 0.000010 0.000010 0.000010 0.000010
0.015306 0.956565 0.000010 0.028108 0.000010
0.000488 0.725441 0.058663 0.215398 0.000010
0.000010 0.000010 0.000010 0.000010 0.999960
0.000010 0.000010 0.000010 0.000010 0.999960
0.000010 0.000010 0.999960 0.000010 0.000010
0.000010 0.000010 0.000010 0.999960 0.000010
0.009947 0.753448 0.018948 0.217647 0.000010
0.000010 0.776299 0.073005 0.147609 0.003076
0.000010 0.000010 0.000010 0.999960 0.000010
0.999960 0.000010 0.000010 0.000010 0.000010
0.172029 0.000010 0.000010 0.000010 0.827941
0.014683 0.934633 0.050664 0.000010 0.000010
0.000010 0.000010 0.000010 0.000010 0.999960
0.999960 0.000010 0.000010 0.000010 0.000010
0.000010 0.000010 0.425087 0.574883 0.000010
0.000010 0.696961 0.078471 0.224547 0.000010
0.000010 0.000010 0.000010 0.999960 0.000010
0.000010 0.995673 0.000010 0.000010 0.004297
0.000010 0.975794 0.022970 0.001097 0.000129
0.000010 0.513099 0.102823 0.384058 0.000010
0.004527 0.601134 0.094200 0.300129 0.000010
0.000010 0.000010 0.000010 0.000010 0.999960
