0.000010 0.178722 0.821268
0.008375 0.000010 0.991615
0.006701 0.277925 0.715374
0.000010 0.999980 0.000010
0.999980 0.000010 0.000010
0.999980 0.000010 0.000010
0.000010 0.158500 0.841490
0.000010 0.156835 0.843155
0.003847 0.286922 0.709231
0.001254 0.000010 0.998736
0.004045 0.000010 0.995945
0.000010 0.226075 0.773915
0.000010 0.251628 0.748362
0.006729 0.000010 0.993261
0.000010 0.105357 0.894633
0.004204 0.000010 0.995786
0.999980 0.000010 0.000010
0.016053 0.000010 0.983937
0.000010 0.175832 0.824158
0.999980 0.000010 0.000010
0.999980 0.000010 0.000010
0.000010 0.999980 0.000010
0.001919 0.354395 0.643686
0.008223 0.089304 0.902474
0.002915 0.153777 0.843308
0.000010 0.253540 0.746450
0.999980 0.000010 0.000010
0.999980 0.000010 0.000010
0.018660 0.042291 0.939050
0.999980 0.000010 0.000010
0.999980 0.000010 0.000010
0.000010 0.999980 0.000010
0.000010 0.204480 0.795510
0.005046 0.480051 0.514903
0.006776 0.000010 0.993214
0.000736 0.019950 0.979314
0.000010 0.286814 0.713176
0.001947 0.233100 0.764953
0.999980 0.000010 0.000010
