0.000010 0.977235 0.000010 0.000010 0.022735
0.000010 0.585918 0.013886 0.400176 0.000010
0.000010 0.804521 0.015137 0.028188 0.152144
0.000010 0.000010 0.000010 0.000010 0.999960
0.999960 0.000010 0.000010 0.000010 0.000010
0.243866 0.000010 0.756104 0.000010 0.000010
0.000010 0.671362 0.000010 0.247813 0.080805
0.000010 0.999960 0.000010 0.000010 0.000010
0.000010 0.676235 0.006645 0.126608 0.190502
0.011356 0.643107 0.000010 0.345517 0.000010
0.000010 0.000010 0.000010 0.999960 0.000010
0.000010 0.700213 0.000010 0.175347 0.124421
0.000010 0.645620 0.000010 0.194695 0.159665
0.000010 0.690412 0.016391 0.293177 0.000010
0.000010 0.786008 0.000010 0.213962 0.000010
0.017756 0.601254 0.000010 0.380970 0.000010
0.999960 0.000010 0.000010 0.000010 0.000010
0.000010 0.000010 0.000010 0.999960 0.000010
0.001050 0.616117 0.000010 0.289606 0.093217
0.000010 0.000010 0.999960 0.000010 0.000010
0.000010 0.000010 0.999960 0.000010 0.000010
0.000010 0.000010 0.000010 0.000010 0.999960
0.004124 0.837591 0.000010 0.000010 0.158265
0.000010 0.991643 0.008327 0.000010 0.000010
0.008899 0.808978 0.000010 0.141412 0.040701
0.000010 0.999960 0.000010 0.000010 0.000010
0.999959 0.000010 0.000011 0.000010 0.000010
0.151553 0.000010 0.848417 0.000010 0.000010
0.000010 0.000010 0.000010 0.999480 0.000490
0.000010 0.000010 0.999960 0.000010 0.000010
0.999957 0.000010 0.000013 0.000010 0.000010
0.000010 0.000010 0.000010 0.000010 0.999960
0.000010 0.626503 0.000010 0.243701 0.129776
0.000010 0.645987 0.007459 0.000010 0.346535
0.000010 0.529154 0.013648 0.457178 0.000010
0.000010 0.000010 0.000010 0.999960 0.000010
0.000010 0.599663 0.003821 0.200184 0.196323
0.008220 0.875542 0.000010 0.000010 0.116218
0.000010 0.000010 0.999960 0.000010 0.000010
