0.776519 0.066468 0.000011 0.000010 0.000010 0.156983
0.919559 0.000010 0.000010 0.007967 0.072445 0.000010
0.647617 0.127922 0.000010 0.010605 0.000010 0.213836
0.000010 0.999950 0.000010 0.000010 0.000010 0.000010
0.000010 0.000010 0.999950 0.000010 0.000010 0.000010
0.000010 0.000010 0.243895 0.756065 0.000010 0.000010
0.702533 0.076814 0.000010 0.000010 0.070416 0.150216
0.782836 0.029623 0.000019 0.000010 0.000010 0.187503
0.673257 0.143905 0.000010 0.001275 0.000010 0.181543
0.954801 0.000010 0.002964 0.000010 0.042205 0.000010
0.000010 0.000010 0.000012 0.000010 0.999948 0.000010
0.740519 0.080704 0.000010 0.000010 0.028410 0.150347
0.555410 0.101791 0.000010 0.000010 0.069808 0.272972
0.994554 0.000010 0.000010 0.005406 0.000010 0.000010
0.847607 0.045501 0.000010 0.000010 0.018073 0.088800
0.997337 0.000010 0.002623 0.000010 0.000010 0.000010
0.000010 0.000010 0.999950 0.000010 0.000010 0.000010
0.648366 0.000010 0.025435 0.000010 0.239533 0.086647
0.646655 0.064760 0.000222 0.000010 0.097172 0.191181
0.000010 0.000010 0.000010 0.999950 0.000010 0.000010
0.000010 0.000010 0.000010 0.999950 0.000010 0.000010
0.000010 0.999950 0.000010 0.000010 0.000010 0.000010
0.000010 0.000010 0.000010 0.000010 0.000010 0.999950
0.825801 0.000010 0.000010 0.008660 0.000010 0.165509
0.865163 0.065649 0.000683 0.000010 0.000010 0.068484
0.000010 0.000010 0.000010 0.000010 0.000246 0.999714
0.000010 0.000010 0.999950 0.000010 0.000010 0.000010
0.000010 0.000010 0.150872 0.849088 0.000010 0.000010
0.668671 0.060566 0.019307 0.000010 0.251435 0.000010
0.000010 0.000010 0.000526 0.999434 0.000010 0.000010
0.000010 0.000010 0.999950 0.000010 0.000010 0.000010
0.000010 0.449407 0.000010 0.000010 0.000010 0.550553
0.668698 0.092693 0.000010 0.000010 0.056454 0.182135
0.000010 0.000010 0.000010 0.000010 0.000010 0.999950
0.894973 0.000010 0.000010 0.007748 0.097249 0.000010
0.000010 0.000010 0.000010 0.000010 0.999950 0.000010
0.423967 0.113172 0.000010 0.005839 0.094407 0.362605
0.642202 0.099775 0.005084 0.000010 0.000010 0.252919
0.000010 0.000010 0.000016 0.999944 0.000010 0.000010
