0.000010 0.175305 0.000014 0.000010 0.824661
0.000010 0.000010 0.000010 0.015679 0.984291
0.015589 0.271712 0.000010 0.000010 0.712679
0.000010 0.999960 0.000010 0.000010 0.000010
0.000010 0.000010 0.999960 0.000010 0.000010
0.999960 0.000010 0.000010 0.000010 0.000010
0.003138 0.160732 0.000010 0.000010 0.836110
0.000010 0.161158 0.000010 0.000010 0.838812
0.008958 0.283780 0.000010 0.000010 0.707243
0.000010 0.000010 0.000010 0.017037 0.982933
0.000010 0.000010 0.019719 0.000010 0.980251
0.002970 0.214949 0.000010 0.000010 0.782060
0.000010 0.260265 0.000010 0.000010 0.739705
0.000010 0.000010 0.000010 0.020145 0.979825
0.000010 0.084931 0.000010 0.000010 0.915039
0.000010 0.000010 0.013839 0.002762 0.983379
0.000010 0.000010 0.999960 0.000010 0.000010
0.000010 0.000010 0.031451 0.000010 0.968519
0.000010 0.175171 0.000010 0.007040 0.817769
0.999960 0.000010 0.000010 0.000010 0.000010
0.000010 0.000010 0.000010 0.999960 0.000010
0.000010 0.999960 0.000010 0.000010 0.000010
0.000010 0.360041 0.012175 0.000010 0.627764
0.021389 0.088231 0.000010 0.000010 0.890360
0.012080 0.144256 0.000010 0.000010 0.843644
0.000010 0.270988 0.000010 0.000010 0.728982
0.000010 0.000010 0.999960 0.000010 0.000010
0.999960 0.000010 0.000010 0.000010 0.000010
0.000010 0.032628 0.000010 0.028891 0.938461
0.000010 0.000010 0.000010 0.999960 0.000010
0.000010 0.000010 0.999960 0.000010 0.000010
0.000010 0.999960 0.000010 0.000010 0.000010
0.000010 0.206485 0.000010 0.000010 0.793485
0.011098 0.490018 0.000010 0.000010 0.498863
0.023707 0.000010 0.000010 0.000010 0.976263
0.000010 0.008841 0.000010 0.018375 0.972764
0.009555 0.297588 0.000010 0.000010 0.692836
0.000010 0.247172 0.012737 0.000010 0.740071
0.000010 0.000010 0.000010 0.999960 0.000010
