0.750628 0.000010 0.000010 0.249342 0.000010
0.786336 0.000010 0.207299 0.000010 0.006344
0.568910 0.000010 0.000010 0.418521 0.012549
0.000010 0.000010 0.000010 0.999960 0.000010
0.000010 0.999960 0.000010 0.000010 0.000010
0.000010 0.243590 0.000010 0.000010 0.756380
0.553270 0.000010 0.181476 0.265235 0.000010
0.784861 0.000010 0.000010 0.215109 0.000010
0.621747 0.000010 0.000010 0.376367 0.001866
0.808809 0.003923 0.187248 0.000010 0.000010
0.000012 0.000011 0.999957 0.000010 0.000010
0.666453 0.000010 0.055177 0.278350 0.000010
0.431242 0.000010 0.155275 0.413464 0.000010
0.999960 0.000010 0.000010 0.000010 0.000010
0.720789 0.000010 0.103188 0.176003 0.000010
0.999960 0.000010 0.000010 0.000010 0.000010
0.000010 0.999960 0.000010 0.000010 0.000010
0.000129 0.000010 0.999841 0.000010 0.000010
0.476529 0.000010 0.227697 0.295754 0.000010
0.000010 0.000010 0.000010 0.000010 0.999960
0.000010 0.000010 0.000010 0.000010 0.999960
0.000010 0.000010 0.000010 0.999960 0.000010
0.000010 0.000010 0.000010 0.999960 0.000010
0.862662 0.000010 0.000010 0.129977 0.007341
0.832945 0.002365 0.000010 0.164670 0.000010
0.358430 0.000010 0.000010 0.641540 0.000010
0.000010 0.999960 0.000010 0.000010 0.000010
0.000010 0.151695 0.000010 0.000010 0.848275
0.000010 0.000010 0.999960 0.000010 0.000010
0.000010 0.000010 0.000010 0.000010 0.999960
0.000010 0.999659 0.000010 0.000010 0.000311
0.000010 0.000010 0.000010 0.999960 0.000010
0.505931 0.000010 0.185031 0.309017 0.000010
0.000010 0.000010 0.000010 0.999960 0.000010
0.732788 0.000010 0.261406 0.000010 0.005786
0.000010 0.000010 0.999960 0.000010 0.000010
0.300994 0.000010 0.195542 0.501329 0.002125
0.610260 0.009264 0.000010 0.380456 0.000010
0.000010 0.000010 0.000010 0.000010 0.999960
