0.000010 0.000010 0.673975 0.326005
0.000010 0.000010 0.999970 0.000010
0.011238 0.000010 0.527561 0.461190
0.000010 0.000010 0.000010 0.999970
0.000010 0.999970 0.000010 0.000010
0.755962 0.244018 0.000010 0.000010
0.000010 0.000010 0.700047 0.299933
0.000010 0.000010 0.705349 0.294631
0.000326 0.000010 0.593923 0.405741
0.000010 0.000010 0.999970 0.000010
0.000010 0.000580 0.999400 0.000010
0.000010 0.000010 0.685470 0.314510
0.000010 0.000010 0.554591 0.445389
0.006683 0.000010 0.993297 0.000010
0.000010 0.000010 0.791794 0.208186
0.000010 0.000010 0.999970 0.000010
0.000018 0.999959 0.000014 0.000010
0.000010 0.018097 0.981883 0.000010
0.000010 0.000010 0.684723 0.315257
0.999967 0.000013 0.000010 0.000010
0.999970 0.000010 0.000010 0.000010
0.000010 0.000010 0.000010 0.999970
0.000010 0.000010 0.000010 0.999970
0.013547 0.000010 0.731283 0.255161
0.000010 0.002041 0.752805 0.245144
0.000010 0.000010 0.309868 0.690112
0.000010 0.999970 0.000010 0.000010
0.848782 0.151198 0.000010 0.000010
0.000010 0.011750 0.988230 0.000010
0.999970 0.000010 0.000010 0.000010
0.000010 0.999970 0.000010 0.000010
0.000010 0.000010 0.000010 0.999970
0.000010 0.000010 0.662731 0.337249
0.000010 0.000010 0.000010 0.999970
0.000688 0.000010 0.999292 0.000010
0.004693 0.000010 0.986319 0.008978
0.002750 0.000010 0.480209 0.517031
0.000010 0.006672 0.555528 0.437790
0.999970 0.000010 0.000010 0.000010
