0.000010 0.000010 0.116249 0.721013 0.162718
0.000010 0.005258 0.000010 0.994712 0.000010
0.009524 0.000010 0.187264 0.561306 0.241896
0.000010 0.000010 0.000010 0.000010 0.999960
0.000010 0.999960 0.000010 0.000010 0.000010
0.752431 0.247539 0.000010 0.000010 0.000010
0.000010 0.000010 0.177862 0.679404 0.142714
0.000010 0.000010 0.125927 0.736024 0.138029
0.005653 0.000010 0.099218 0.628451 0.266668
0.000010 0.000010 0.000010 0.999960 0.000010
0.000010 0.006930 0.192222 0.800828 0.000010
0.000010 0.000010 0.000010 0.764918 0.235052
0.000010 0.000010 0.258388 0.540946 0.200646
0.004226 0.000010 0.000010 0.995744 0.000010
0.000010 0.000010 0.125415 0.775760 0.098805
0.000010 0.000010 0.000010 0.999960 0.000010
0.000010 0.999960 0.000010 0.000010 0.000010
0.000010 0.000010 0.999960 0.000010 0.000010
0.000010 0.000927 0.201373 0.653745 0.143945
0.999960 0.000010 0.000010 0.000010 0.000010
0.999960 0.000010 0.000010 0.000010 0.000010
0.000010 0.000010 0.000010 0.000010 0.999960
0.000010 0.000010 0.999960 0.000010 0.000010
0.000010 0.009376 0.181646 0.755267 0.053701
0.000010 0.001884 0.000010 0.839998 0.158097
0.000010 0.000010 0.999960 0.000010 0.000010
0.000010 0.999960 0.000010 0.000010 0.000010
0.827424 0.172546 0.000010 0.000010 0.000010
0.020753 0.000010 0.170896 0.744382 0.063959
0.999960 0.000010 0.000010 0.000010 0.000010
0.000010 0.999960 0.000010 0.000010 0.000010
0.000010 0.000010 0.000010 0.000010 0.999960
0.000010 0.000010 0.191382 0.629963 0.178635
0.004230 0.000010 0.586436 0.000010 0.409314
0.003370 0.000010 0.000010 0.996600 0.000010
0.004497 0.000010 0.134321 0.813283 0.047889
0.000016 0.000010 0.380174 0.409217 0.210582
0.000010 0.004963 0.223315 0.580422 0.191291
0.999957 0.000010 0.000013 0.000010 0.000010
