0.152006 0.000010 0.000010 0.786923 0.000010 0.061041
0.000010 0.000010 0.000010 0.992723 0.007237 0.000010
0.199959 0.000010 0.006565 0.675315 0.000010 0.118142
0.000010 0.000010 0.000010 0.000010 0.000010 0.999950
0.000010 0.000010 0.000010 0.000010 0.999950 0.000010
0.000010 0.000010 0.752425 0.000010 0.247535 0.000010
0.152116 0.000010 0.000010 0.799327 0.000010 0.048527
0.182694 0.000010 0.000010 0.798861 0.000010 0.018415
0.186680 0.000010 0.004441 0.676680 0.000010 0.132179
0.000010 0.999950 0.000010 0.000010 0.000010 0.000010
0.000010 0.999950 0.000010 0.000010 0.000010 0.000010
0.146551 0.013111 0.000010 0.765347 0.000010 0.074971
0.271541 0.016474 0.000010 0.629639 0.000010 0.082326
0.069025 0.097524 0.011543 0.821887 0.000010 0.000010
0.105267 0.000010 0.000010 0.858550 0.000010 0.036152
0.000010 0.006900 0.000010 0.993060 0.000010 0.000010
0.000010 0.000010 0.000010 0.000010 0.999950 0.000010
0.078265 0.246083 0.000010 0.653423 0.022208 0.000010
0.186868 0.064622 0.000010 0.695163 0.001893 0.051444
0.000010 0.000010 0.999950 0.000010 0.000010 0.000010
0.000010 0.000010 0.999950 0.000010 0.000010 0.000010
0.000010 0.000010 0.000010 0.000010 0.000010 0.999950
0.999950 0.000010 0.000010 0.000010 0.000010 0.000010
0.177670 0.000010 0.000010 0.814062 0.008238 0.000010
0.079493 0.000010 0.001314 0.871519 0.000010 0.047654
0.999950 0.000010 0.000010 0.000010 0.000010 0.000010
0.000010 0.000011 0.000010 0.000019 0.999939 0.000010
0.000010 0.000010 0.827981 0.000017 0.171972 0.000010
0.000010 0.228703 0.000010 0.691500 0.020763 0.059015
0.000010 0.000010 0.999950 0.000010 0.000010 0.000010
0.000010 0.000010 0.000010 0.000010 0.999950 0.000010
0.554114 0.000010 0.000010 0.000010 0.000010 0.445846
0.191143 0.000010 0.000010 0.746653 0.000010 0.062174
0.999950 0.000010 0.000010 0.000010 0.000010 0.000010
0.000010 0.114311 0.008803 0.876856 0.000010 0.000010
0.049376 0.204412 0.006972 0.709936 0.000010 0.029294
0.363446 0.085579 0.000678 0.448839 0.000010 0.101448
0.254997 0.000010 0.000010 0.660789 0.003922 0.080272
0.000010 0.000010 0.999950 0.000010 0.000010 0.000010
