0.000010 0.000010 0.797599 0.142160 0.060221
0.004945 0.019906 0.975129 0.000010 0.000010
0.005174 0.000010 0.697733 0.214278 0.082805
0.000010 0.000010 0.000010 0.999960 0.000010
0.999957 0.000010 0.000010 0.000013 0.000010
0.999960 0.000010 0.000010 0.000010 0.000010
0.000010 0.074580 0.739185 0.137845 0.048380
0.000010 0.000010 0.827674 0.110345 0.061961
0.002785 0.000010 0.688422 0.253143 0.055640
0.000010 0.083517 0.908482 0.000010 0.007980
0.000010 0.999960 0.000010 0.000010 0.000010
0.000010 0.000010 0.798805 0.201165 0.000010
0.000010 0.063039 0.619634 0.199380 0.117936
0.001988 0.000010 0.993553 0.000010 0.004440
0.000010 0.021270 0.849057 0.079815 0.049848
0.000011 0.000011 0.999958 0.000010 0.000010
0.999960 0.000010 0.000010 0.000010 0.000010
0.000010 0.999960 0.000010 0.000010 0.000010
0.000010 0.084461 0.688915 0.145626 0.080988
0.999960 0.000010 0.000010 0.000010 0.000010
0.999960 0.000010 0.000010 0.000010 0.000010
0.000010 0.000010 0.000010 0.999960 0.000010
0.000010 0.000010 0.000010 0.000010 0.999960
0.003159 0.000010 0.872178 0.000010 0.124643
0.000017 0.000010 0.870224 0.126001 0.003748
0.000010 0.000010 0.000010 0.000010 0.999960
0.999960 0.000010 0.000010 0.000010 0.000010
0.999960 0.000010 0.000010 0.000010 0.000010
0.019157 0.299134 0.596045 0.085655 0.000010
0.999958 0.000012 0.000010 0.000010 0.000010
0.999960 0.000010 0.000010 0.000010 0.000010
0.000010 0.000010 0.000010 0.999960 0.000010
0.000010 0.046314 0.709006 0.177067 0.067602
0.007854 0.013261 0.352309 0.360253 0.266322
0.004915 0.090691 0.904375 0.000010 0.000010
0.001294 0.226433 0.702313 0.069950 0.000010
0.000010 0.108970 0.488306 0.212998 0.189716
0.002463 0.001762 0.700909 0.181147 0.113719
0.999960 0.000010 0.000010 0.000010 0.000010
