0.325784 0.000010 0.000010 0.674196
0.000010 0.000010 0.000010 0.999970
0.461165 0.000010 0.010820 0.528006
0.999970 0.000010 0.000010 0.000010
0.000010 0.999963 0.000017 0.000010
0.000010 0.243508 0.756472 0.000010
0.299793 0.000010 0.000010 0.700187
0.294473 0.000010 0.000010 0.705507
0.405516 0.000010 0.000935 0.593539
0.000010 0.000010 0.000010 0.999970
0.000010 0.000521 0.000010 0.999459
0.314308 0.000010 0.000010 0.685672
0.445217 0.000010 0.000010 0.554763
0.000010 0.000010 0.005676 0.994304
0.208005 0.000010 0.000010 0.791975
0.000010 0.000010 0.000010 0.999970
0.000010 0.999970 0.000010 0.000010
0.000010 0.018300 0.000010 0.981680
0.315073 0.000010 0.000010 0.684907
0.000010 0.000010 0.999970 0.000010
0.000010 0.000010 0.999970 0.000010
0.999970 0.000010 0.000010 0.000010
0.999970 0.000010 0.000010 0.000010
0.255094 0.000010 0.013044 0.731852
0.244917 0.002148 0.000010 0.752926
0.689997 0.000017 0.000010 0.309976
0.000010 0.999970 0.000010 0.000010
0.000010 0.151188 0.848792 0.000010
0.000010 0.000010 0.012127 0.987853
0.000010 0.000010 0.999970 0.000010
0.000010 0.999962 0.000018 0.000010
0.999970 0.000010 0.000010 0.000010
0.336813 0.000010 0.000010 0.663167
0.999970 0.000010 0.000010 0.000010
0.000010 0.000010 0.000112 0.999868
0.008647 0.000010 0.004128 0.987215
0.517073 0.000010 0.002023 0.480893
0.437513 0.007174 0.000010 0.555303
0.000010 0.000010 0.999970 0.000010
