0.000010 0.082080 0.000010 0.704503 0.213387 0.000010
0.000013 0.000010 0.000010 0.991677 0.000010 0.008280
0.000010 0.136507 0.011416 0.599084 0.252973 0.000010
0.000010 0.999946 0.000013 0.000011 0.000010 0.000010
0.000010 0.000010 0.000010 0.000010 0.000010 0.999950
0.999950 0.000010 0.000010 0.000010 0.000010 0.000010
0.000010 0.066016 0.000010 0.750178 0.183776 0.000010
0.000010 0.044745 0.000010 0.733533 0.221692 0.000010
0.006346 0.146040 0.000010 0.623200 0.224394 0.000010
0.000010 0.000010 0.003271 0.996689 0.000010 0.000010
0.000010 0.000010 0.000379 0.999581 0.000010 0.000010
0.000010 0.085535 0.000010 0.719293 0.195142 0.000010
0.000010 0.091063 0.000010 0.612681 0.296226 0.000010
0.000010 0.000010 0.009681 0.904727 0.085562 0.000010
0.000010 0.060825 0.000010 0.799361 0.139783 0.000010
0.000010 0.000010 0.000010 0.999810 0.000010 0.000150
0.000010 0.000010 0.000010 0.000010 0.000010 0.999950
0.017694 0.000010 0.000010 0.952472 0.029804 0.000010
0.000010 0.058675 0.000010 0.724542 0.214836 0.001928
0.999950 0.000010 0.000010 0.000010 0.000010 0.000010
0.000010 0.000010 0.999950 0.000010 0.000010 0.000010
0.000010 0.999950 0.000010 0.000010 0.000010 0.000010
0.000010 0.000010 0.000010 0.000010 0.999950 0.000010
0.000010 0.018883 0.000010 0.752004 0.216960 0.012132
0.000010 0.072933 0.005536 0.774742 0.146770 0.000010
0.000010 0.000010 0.000010 0.000010 0.999950 0.000010
0.000010 0.000010 0.000010 0.000010 0.000010 0.999950
0.999950 0.000010 0.000010 0.000010 0.000010 0.000010
0.000010 0.051149 0.017539 0.931282 0.000010 0.000010
0.000010 0.000010 0.999950 0.000010 0.000010 0.000010
0.000010 0.000010 0.000010 0.000010 0.000010 0.999950
0.000010 0.425463 0.000010 0.000010 0.574497 0.000010
0.000010 0.078472 0.000010 0.697395 0.224103 0.000010
0.000010 0.000010 0.000010 0.000010 0.999950 0.000010
0.006762 0.000010 0.000010 0.993198 0.000010 0.000010
0.002782 0.023083 0.000010 0.972217 0.001898 0.000010
0.000878 0.102855 0.000010 0.512336 0.383911 0.000010
0.000010 0.094151 0.000010 0.599983 0.299287 0.006559
0.000018 0.000010 0.999942 0.000010 0.000010 0.000010
