0.696052 0.136199 0.000010 0.000010 0.167728
0.999960 0.000010 0.000010 0.000010 0.000010
0.587205 0.214172 0.010149 0.000010 0.188464
0.000010 0.999960 0.000010 0.000010 0.000010
0.000010 0.000010 0.000010 0.999960 0.000010
0.000010 0.000010 0.756076 0.243894 0.000010
0.726738 0.127292 0.000010 0.000010 0.145950
0.704281 0.118343 0.000010 0.000010 0.177356
0.632642 0.249285 0.001224 0.000010 0.116839
0.982589 0.000010 0.000010 0.000010 0.017381
0.999960 0.000010 0.000010 0.000010 0.000010
0.743796 0.207457 0.000010 0.000010 0.048727
0.591495 0.192849 0.000010 0.000010 0.215636
0.918756 0.000010 0.005906 0.000010 0.075318
0.797836 0.064267 0.000010 0.000010 0.137877
0.999960 0.000010 0.000010 0.000010 0.000010
0.000010 0.000010 0.000010 0.999960 0.000010
0.941621 0.000010 0.000010 0.018143 0.040216
0.702746 0.125688 0.000010 0.000010 0.171546
0.000010 0.000010 0.999960 0.000010 0.000010
0.000010 0.000010 0.999960 0.000010 0.000010
0.000010 0.999960 0.000010 0.000010 0.000010
0.000010 0.000133 0.000010 0.000010 0.999837
0.706414 0.018279 0.012672 0.000010 0.262625
0.798209 0.135736 0.000010 0.000010 0.066035
0.000010 0.000010 0.000010 0.000010 0.999960
0.000010 0.000010 0.000010 0.999960 0.000010
0.000010 0.000014 0.848603 0.151364 0.000010
0.942787 0.044356 0.012836 0.000010 0.000010
0.000010 0.000010 0.999956 0.000014 0.000010
0.000010 0.000010 0.000010 0.999960 0.000010
0.000010 0.999960 0.000010 0.000010 0.000010
0.000010 0.000242 0.000010 0.000010 0.999728
0.258125 0.357701 0.012727 0.000010 0.371437
0.999960 0.000010 0.000010 0.000010 0.000010
0.971244 0.026995 0.001740 0.000010 0.000010
0.513943 0.205867 0.003814 0.000010 0.276366
0.575384 0.185426 0.000010 0.007577 0.231603
0.000010 0.000010 0.999960 0.000010 0.000010
