0.274188 0.725792 0.000010 0.000010
0.000010 0.890059 0.000258 0.109673
0.433279 0.558264 0.008446 0.000010
0.999969 0.000011 0.000010 0.000010
0.000010 0.000010 0.999970 0.000010
0.000010 0.000010 0.999970 0.000010
0.282824 0.608123 0.000010 0.109043
0.231618 0.768362 0.000010 0.000010
0.384736 0.610661 0.000010 0.004593
0.000010 0.865386 0.000010 0.134594
0.000010 0.000010 0.000010 0.999970
0.288773 0.683683 0.000010 0.027534
0.429232 0.465428 0.000010 0.105330
0.000010 0.999970 0.000010 0.000010
0.192925 0.727011 0.000010 0.080054
0.000010 0.999970 0.000010 0.000010
0.000010 0.000012 0.999968 0.000010
0.000010 0.000010 0.000010 0.999970
0.309235 0.528820 0.000010 0.161936
0.000013 0.000011 0.999965 0.000010
0.000019 0.000010 0.999961 0.000010
0.999970 0.000010 0.000010 0.000010
0.999970 0.000010 0.000010 0.000010
0.167992 0.826048 0.005951 0.000010
0.189929 0.810051 0.000010 0.000010
0.657831 0.342149 0.000010 0.000010
0.000010 0.000010 0.999970 0.000010
0.000014 0.000010 0.999966 0.000010
0.000014 0.000010 0.000010 0.999966
0.000010 0.000010 0.999970 0.000010
0.000010 0.000010 0.999970 0.000010
0.999970 0.000010 0.000010 0.000010
0.326108 0.546080 0.000010 0.127802
0.999970 0.000010 0.000010 0.000010
0.000010 0.809766 0.002708 0.187516
0.101719 0.528901 0.003455 0.365925
0.511866 0.347706 0.000010 0.140418
0.395692 0.600759 0.003539 0.000010
0.000010 0.000010 0.999970 0.000010
