0.000010 0.179085 0.820905
0.002983 0.000010 0.997007
0.006364 0.276616 0.717020
0.000010 0.999980 0.000010
0.999980 0.000010 0.000010
0.999980 0.000010 0.000010
0.000010 0.163798 0.836192
0.000010 0.165317 0.834673
0.000393 0.287774 0.711833
0.001359 0.000010 0.998631
0.005918 0.000010 0.994072
0.000010 0.218042 0.781948
0.000010 0.264072 0.735918
0.005670 0.000010 0.994320
0.000010 0.088465 0.911525
0.001161 0.000010 0.998829
0.999980 0.000010 0.000010
0.016694 0.000010 0.983296
0.000010 0.178325 0.821665
0.999980 0.000010 0.000010
0.999980 0.000010 0.000010
0.000010 0.999980 0.000010
0.003867 0.367678 0.628455
0.008361 0.092722 0.898917
0.000873 0.148019 0.851109
0.000010 0.277707 0.722283
0.999980 0.000010 0.000010
0.999980 0.000010 0.000010
0.015794 0.027353 0.956853
0.999980 0.000010 0.000010
0.999980 0.000010 0.000010
0.000010 0.999980 0.000010
0.000010 0.210506 0.789484
0.004728 0.496243 0.499029
0.005104 0.000010 0.994886
0.002788 0.007297 0.989915
0.000010 0.302833 0.697157
0.003001 0.253132 0.743866
0.999980 0.000010 0.000010
