0.000010 0.146627 0.091993 0.000010 0.761360
0.000010 0.000010 0.000010 0.004666 0.995304
0.000010 0.229191 0.107180 0.011108 0.652511
0.000010 0.999954 0.000016 0.000010 0.000010
0.999960 0.000010 0.000010 0.000010 0.000010
0.243400 0.000010 0.000010 0.756570 0.000010
0.000010 0.139984 0.064299 0.000010 0.795698
0.000010 0.130944 0.101405 0.000010 0.767631
0.000010 0.258453 0.067930 0.002647 0.670960
0.004838 0.000010 0.035584 0.000010 0.959558
0.007112 0.000010 0.000010 0.000010 0.992858
0.000010 0.212615 0.008655 0.000010 0.778710
0.000010 0.204894 0.140059 0.000010 0.655027
0.000010 0.000010 0.044877 0.009729 0.945374
0.000010 0.073696 0.070351 0.000010 0.855933
0.000010 0.000010 0.000010 0.002772 0.997198
0.999953 0.000011 0.000015 0.000010 0.000010
0.021733 0.000010 0.025762 0.000010 0.952485
0.000010 0.138857 0.094328 0.000010 0.766796
0.000010 0.000010 0.000010 0.999960 0.000010
0.000010 0.000010 0.000010 0.999960 0.000010
0.000010 0.999960 0.000010 0.000010 0.000010
0.000010 0.000010 0.999960 0.000010 0.000010
0.000010 0.038421 0.166664 0.013412 0.781493
0.003233 0.138313 0.028820 0.000010 0.829624
0.000010 0.000010 0.999960 0.000010 0.000010
0.999871 0.000010 0.000010 0.000099 0.000010
0.150126 0.000010 0.000010 0.849844 0.000010
0.000010 0.040735 0.000010 0.016887 0.942358
0.000857 0.000010 0.000010 0.999113 0.000010
0.999960 0.000010 0.000010 0.000010 0.000010
0.000010 0.999960 0.000010 0.000010 0.000010
0.000010 0.180383 0.079258 0.000010 0.740339
0.000010 0.365984 0.289303 0.010287 0.334416
0.000010 0.000010 0.000010 0.006889 0.993081
0.000010 0.021553 0.000010 0.007356 0.971072
0.000010 0.217980 0.199874 0.004049 0.578087
0.007707 0.209081 0.127646 0.000010 0.655556
0.000010 0.000010 0.000010 0.999960 0.000010
