0.000010 0.630955 0.000010 0.194836 0.174189
0.000010 0.999960 0.000010 0.000010 0.000010
0.012877 0.464435 0.000010 0.323461 0.199217
0.000010 0.000010 0.000010 0.999960 0.000010
0.000010 0.000010 0.999960 0.000010 0.000010
0.756264 0.000014 0.243702 0.000010 0.000010
0.000010 0.000010 0.000010 0.999960 0.000010
0.000010 0.649708 0.000010 0.161185 0.189087
0.001998 0.541852 0.000010 0.294405 0.161735
0.000010 0.999960 0.000010 0.000010 0.000010
0.000010 0.999960 0.000010 0.000010 0.000010
0.000010 0.639116 0.000010 0.226744 0.134120
0.000010 0.493720 0.000010 0.267169 0.239091
0.005717 0.929553 0.000010 0.000010 0.064711
0.000010 0.776409 0.000010 0.101631 0.121940
0.000010 0.999960 0.000010 0.000010 0.000010
0.000010 0.000010 0.999960 0.000010 0.000010
0.000010 0.942256 0.018771 0.000010 0.038953
0.000010 0.614928 0.000010 0.225226 0.159825
0.999960 0.000010 0.000010 0.000010 0.000010
0.999960 0.000010 0.000010 0.000010 0.000010
0.000010 0.000010 0.000010 0.999960 0.000010
0.000010 0.000010 0.000010 0.000010 0.999960
0.015265 0.633669 0.000010 0.166816 0.184240
0.000010 0.686862 0.003174 0.213438 0.096516
0.000010 0.000010 0.000010 0.000010 0.999960
0.000010 0.000012 0.999955 0.000013 0.000010
0.849230 0.000010 0.150740 0.000010 0.000010
0.000010 0.939184 0.010692 0.050104 0.000010
0.999958 0.000010 0.000012 0.000010 0.000010
0.000010 0.000010 0.999960 0.000010 0.000010
0.000010 0.000010 0.000010 0.578918 0.421052
0.000010 0.576731 0.000010 0.259956 0.163293
0.000010 0.000010 0.000010 0.000010 0.999960
0.000010 0.999960 0.000010 0.000010 0.000010
0.007192 0.885606 0.000010 0.107182 0.000010
0.003694 0.446191 0.000010 0.211399 0.338706
0.000010 0.485174 0.007745 0.267452 0.239619
0.999954 0.000010 0.000016 0.000010 0.000010
