0.999919 0.000010 0.000010 0.000010 0.000041 0.000010
0.000010 0.000010 0.999864 0.000096 0.000010 0.000010
0.000010 0.999783 0.000010 0.000177 0.000010 0.000010
0.000010 0.999947 0.000010 0.000013 0.000010 0.000010
0.000010 0.000010 0.000010 0.000018 0.000010 0.999942
0.000010 0.000010 0.000010 0.999950 0.000010 0.000010
0.999865 0.000010 0.000010 0.000010 0.000095 0.000010
0.498809 0.501151 0.000010 0.000010 0.000010 0.000010
0.000010 0.000010 0.999926 0.000034 0.000010 0.000010
0.000010 0.000010 0.000010 0.000010 0.999950 0.000010
0.000010 0.000010 0.000010 0.000010 0.999950 0.000010
0.000010 0.000010 0.999950 0.000010 0.000010 0.000010
0.453842 0.546060 0.000010 0.000010 0.000068 0.000010
0.000010 0.000010 0.000010 0.000010 0.999950 0.000010
0.999950 0.000010 0.000010 0.000010 0.000010 0.000010
0.000010 0.000010 0.999943 0.000010 0.000017 0.000010
0.000010 0.000010 0.000010 0.000010 0.000010 0.999950
0.000010 0.000017 0.000010 0.000010 0.999943 0.000010
0.000010 0.000010 0.999912 0.000010 0.000048 0.000010
0.000010 0.000010 0.000010 0.999950 0.000010 0.000010
0.000010 0.000010 0.000010 0.999950 0.000010 0.000010
0.000010 0.999950 0.000010 0.000010 0.000010 0.000010
0.999950 0.000010 0.000010 0.000010 0.000010 0.000010
0.999886 0.000010 0.000010 0.000074 0.000010 0.000010
0.999841 0.000010 0.000010 0.000119 0.000010 0.000010
0.999950 0.000010 0.000010 0.000010 0.000010 0.000010
0.000010 0.000010 0.000010 0.000011 0.000010 0.999949
0.000010 0.000010 0.000010 0.999950 0.000010 0.000010
0.000010 0.000010 0.000010 0.000010 0.999950 0.000010
0.000010 0.000010 0.000010 0.999950 0.000010 0.000010
0.000010 0.000010 0.000010 0.000010 0.000010 0.999950
0.000010 0.999950 0.000010 0.000010 0.000010 0.000010
0.999950 0.000010 0.000010 0.000010 0.000010 0.000010
0.000010 0.999950 0.000010 0.000010 0.000010 0.000010
0.000010 0.000010 0.999844 0.000116 0.000010 0.000010
0.000010 0.000010 0.000010 0.000010 0.999950 0.000010
0.999873 0.000010 0.000010 0.000010 0.000087 0.000010
0.999950 0.000010 0.000010 0.000010 0.000010 0.000010
0.000010 0.000010 0.000010 0.999950 0.000010 0.000010
