0.000010 0.000010 0.999980
0.000010 0.999980 0.000010
0.000010 0.000010 0.999980
0.000010 0.999980 0.000010
0.999980 0.000010 0.000010
0.999980 0.000010 0.000010
0.000010 0.000010 0.999980
0.000010 0.585321 0.414669
0.000010 0.000010 0.999980
0.000010 0.000010 0.999980
0.000010 0.999980 0.000010
0.000010 0.560872 0.439118
0.000010 0.593599 0.406391
0.000010 0.999980 0.000010
0.000010 0.999980 0.000010
0.000010 0.000010 0.999980
0.999980 0.000010 0.000010
0.000010 0.999980 0.000010
0.000010 0.614752 0.385238
0.999980 0.000010 0.000010
0.999980 0.000010 0.000010
0.000012 0.999978 0.000010
0.000011 0.000010 0.999979
0.000010 0.000010 0.999980
0.000010 0.999980 0.000010
0.000011 0.000010 0.999979
0.999980 0.000010 0.000010
0.999980 0.000010 0.000010
0.002483 0.000010 0.997507
0.999980 0.000010 0.000010
0.999980 0.000010 0.000010
0.000010 0.000010 0.999980
0.000010 0.000010 0.999980
0.000011 0.000010 0.999979
0.000010 0.999980 0.000010
0.000010 0.999980 0.000010
0.000010 0.999980 0.000010
0.000010 0.000010 0.999980
0.999980 0.000010 0.000010
