0.379793 0.000010 0.000010 0.493307 0.126880
0.000010 0.000010 0.000309 0.999661 0.000010
0.494259 0.012281 0.000010 0.314146 0.179304
0.000010 0.000010 0.000010 0.000010 0.999960
0.000010 0.000010 0.999960 0.000010 0.000010
0.000010 0.752337 0.247633 0.000010 0.000010
0.357417 0.000010 0.000010 0.540396 0.102167
0.377651 0.000010 0.000010 0.521827 0.100503
0.275964 0.005949 0.000010 0.487977 0.230100
0.204865 0.002749 0.000010 0.792366 0.000010
0.000010 0.000010 0.000010 0.999960 0.000010
0.265731 0.000010 0.000010 0.554212 0.180038
0.428640 0.000010 0.000010 0.401787 0.169553
0.212406 0.009370 0.000010 0.778204 0.000010
0.331664 0.000010 0.000010 0.602173 0.066143
0.000010 0.000010 0.000010 0.999960 0.000010
0.000010 0.000013 0.999957 0.000010 0.000010
0.000010 0.000010 0.009205 0.990765 0.000010
0.296387 0.000010 0.000382 0.585759 0.117462
0.000010 0.999960 0.000010 0.000010 0.000010
0.000010 0.999960 0.000010 0.000010 0.000010
0.000010 0.000010 0.000010 0.000010 0.999960
0.999960 0.000010 0.000010 0.000010 0.000010
0.999960 0.000010 0.000010 0.000010 0.000010
0.325017 0.005037 0.000010 0.558559 0.111377
0.999960 0.000010 0.000010 0.000010 0.000010
0.000010 0.000010 0.999960 0.000010 0.000010
0.000010 0.000010 0.000010 0.999960 0.000010
0.000010 0.827753 0.172217 0.000010 0.000010
0.000010 0.000010 0.004694 0.995276 0.000010
0.000010 0.999960 0.000010 0.000010 0.000010
0.000010 0.000010 0.999960 0.000010 0.000010
0.000010 0.000010 0.000010 0.000010 0.999960
0.350582 0.000010 0.000010 0.505046 0.144352
0.644502 0.013712 0.000010 0.000010 0.341766
0.000010 0.000010 0.000010 0.999960 0.000010
0.000010 0.000010 0.000010 0.986030 0.013940
0.430368 0.000010 0.000010 0.384898 0.184714
0.435904 0.000010 0.005776 0.407636 0.150674
0.000010 0.999960 0.000010 0.000010 0.000010
