0.000010 0.702204 0.084024 0.213762
0.004453 0.995527 0.000010 0.000010
0.006489 0.601469 0.138548 0.253494
0.000018 0.000010 0.999962 0.000010
0.999968 0.000012 0.000010 0.000010
0.999968 0.000011 0.000011 0.000010
0.000010 0.750170 0.067409 0.182411
0.000010 0.728801 0.046977 0.224212
0.002919 0.625393 0.147675 0.224013
0.000010 0.999970 0.000010 0.000010
0.000010 0.999970 0.000010 0.000010
0.000010 0.715597 0.088029 0.196364
0.000010 0.610702 0.092656 0.296631
0.007289 0.904359 0.000010 0.088341
0.000010 0.798571 0.061857 0.139561
0.000010 0.999970 0.000010 0.000010
0.999966 0.000014 0.000010 0.000010
0.014013 0.960885 0.000010 0.025092
0.000010 0.726393 0.059317 0.214280
0.999967 0.000010 0.000013 0.000010
0.999970 0.000010 0.000010 0.000010
0.000010 0.000010 0.999970 0.000010
0.000010 0.000010 0.000010 0.999970
0.010036 0.748653 0.023229 0.218082
0.002540 0.773782 0.075128 0.148550
0.000010 0.000010 0.000010 0.999970
0.999970 0.000010 0.000010 0.000010
0.000017 0.874260 0.000010 0.125713
0.999970 0.000010 0.000010 0.000010
0.013993 0.932728 0.053268 0.000010
0.999970 0.000010 0.000010 0.000010
0.999970 0.000010 0.000010 0.000010
0.000010 0.000010 0.425881 0.574099
0.000010 0.701190 0.078095 0.220705
0.000010 0.000010 0.000010 0.999970
0.002698 0.992711 0.004581 0.000010
0.000010 0.970432 0.026899 0.002659
0.000010 0.513711 0.103730 0.382549
0.001840 0.606644 0.094844 0.296672
0.999967 0.000011 0.000011 0.000010
