0.678506 0.000010 0.129925 0.000010 0.191539 0.000010
0.998882 0.001078 0.000010 0.000010 0.000010 0.000010
0.615126 0.000010 0.209292 0.000010 0.167624 0.007937
0.000010 0.000010 0.999950 0.000010 0.000010 0.000010
0.000010 0.999950 0.000010 0.000010 0.000010 0.000010
0.000010 0.247523 0.000010 0.000010 0.000010 0.752437
0.682219 0.000010 0.118651 0.049258 0.149851 0.000010
0.710267 0.000010 0.107127 0.000010 0.182576 0.000010
0.602599 0.000010 0.244699 0.015973 0.131626 0.005093
0.999950 0.000010 0.000010 0.000010 0.000010 0.000010
0.000010 0.000010 0.000010 0.999941 0.000019 0.000010
0.742065 0.000010 0.205655 0.000010 0.052250 0.000010
0.546534 0.000010 0.179624 0.039932 0.233890 0.000010
0.999950 0.000010 0.000010 0.000010 0.000010 0.000010
0.791150 0.000010 0.076944 0.003901 0.127985 0.000010
0.999948 0.000010 0.000010 0.000012 0.000010 0.000010
0.000010 0.999950 0.000010 0.000010 0.000010 0.000010
0.758845 0.019686 0.003988 0.159506 0.057965 0.000010
0.635190 0.001449 0.125929 0.061193 0.176228 0.000010
0.000010 0.000010 0.000010 0.000010 0.000010 0.999950
0.000010 0.000010 0.000010 0.000010 0.000010 0.999950
0.000010 0.000010 0.999950 0.000010 0.000010 0.000010
0.000010 0.000010 0.000010 0.000010 0.999950 0.000010
0.771611 0.005555 0.000010 0.000010 0.222804 0.000010
0.760585 0.000010 0.120006 0.000010 0.117913 0.001476
0.000010 0.000010 0.000010 0.000010 0.999950 0.000010
0.000010 0.999949 0.000010 0.000011 0.000010 0.000010
0.000010 0.000010 0.000010 0.999950 0.000010 0.000010
0.000010 0.171858 0.000010 0.000010 0.000010 0.828102
0.718920 0.018289 0.075469 0.187302 0.000010 0.000010
0.000010 0.000010 0.000010 0.000010 0.000010 0.999950
0.000010 0.999950 0.000010 0.000010 0.000010 0.000010
0.000010 0.000010 0.999950 0.000010 0.000010 0.000010
0.000010 0.000010 0.000010 0.999950 0.000010 0.000010
0.236120 0.000010 0.325409 0.004154 0.423291 0.011017
0.999950 0.000010 0.000010 0.000010 0.000010 0.000010
0.794527 0.000010 0.070034 0.131906 0.000010 0.003512
0.444874 0.000010 0.188467 0.046689 0.319271 0.000689
0.000010 0.000010 0.000010 0.000010 0.999950 0.000010
0.000012 0.000010 0.000010 0.000014 0.000010 0.999944
