0.000010 0.942317 0.057653 0.000010 0.000010
0.000010 0.599021 0.000010 0.015730 0.385229
0.014673 0.821160 0.164054 0.000010 0.000103
0.000010 0.000010 0.999960 0.000010 0.000010
0.000010 0.000010 0.000010 0.999960 0.000010
0.752001 0.000010 0.000010 0.247969 0.000010
0.000297 0.673688 0.083877 0.000010 0.242128
0.000010 0.999960 0.000010 0.000010 0.000010
0.009641 0.689249 0.198689 0.000010 0.102411
0.009263 0.656797 0.000010 0.000010 0.333919
0.000010 0.000010 0.000010 0.000010 0.999960
0.000010 0.736650 0.136541 0.001016 0.125783
0.000010 0.654016 0.157086 0.000010 0.188878
0.015131 0.704252 0.000010 0.000010 0.280597
0.000010 0.808406 0.012073 0.000010 0.179501
0.000010 0.637401 0.000010 0.015985 0.346594
0.000010 0.000010 0.000010 0.999960 0.000010
0.000010 0.000010 0.000010 0.000010 0.999960
0.000010 0.632149 0.097195 0.003268 0.267378
0.999960 0.000010 0.000010 0.000010 0.000010
0.999960 0.000010 0.000010 0.000010 0.000010
0.000010 0.000010 0.999960 0.000010 0.000010
0.000010 0.845741 0.151967 0.002272 0.000010
0.000010 0.994074 0.000010 0.005896 0.000010
0.008500 0.816774 0.059166 0.000010 0.115550
0.000010 0.999960 0.000010 0.000010 0.000010
0.000010 0.000010 0.000010 0.999960 0.000010
0.000010 0.486968 0.000010 0.000010 0.513002
0.827028 0.000010 0.000010 0.172942 0.000010
0.000010 0.000010 0.000010 0.000010 0.999960
0.999960 0.000010 0.000010 0.000010 0.000010
0.000010 0.000010 0.000010 0.999960 0.000010
0.000010 0.000010 0.999960 0.000010 0.000010
0.000010 0.631747 0.123893 0.000010 0.244341
0.006096 0.654615 0.339270 0.000010 0.000010
0.014210 0.548111 0.000010 0.000010 0.437659
0.000010 0.000010 0.000010 0.000010 0.999960
0.000010 0.614892 0.182040 0.000010 0.203048
0.000010 0.873268 0.118362 0.008349 0.000010
0.999960 0.000010 0.000010 0.000010 0.000010
