0.870090 0.117425 0.012465 0.000010 0.000010
0.728102 0.103257 0.000010 0.151346 0.017284
0.769909 0.122916 0.101195 0.000010 0.005970
0.000010 0.999960 0.000010 0.000010 0.000010
0.000010 0.000010 0.000010 0.000010 0.999960
0.000010 0.000010 0.000010 0.000010 0.999960
0.944670 0.000010 0.002968 0.052342 0.000010
0.999960 0.000010 0.000010 0.000010 0.000010
0.669464 0.195725 0.103536 0.026958 0.004317
0.873336 0.000010 0.000010 0.120456 0.006188
0.000010 0.000010 0.000010 0.999960 0.000010
0.899583 0.100387 0.000010 0.000010 0.000010
0.681358 0.066306 0.176261 0.076065 0.000010
0.882971 0.000010 0.000010 0.103887 0.013122
0.887235 0.054481 0.000010 0.058264 0.000010
0.000010 0.999960 0.000010 0.000010 0.000010
0.000010 0.000010 0.000010 0.000010 0.999960
0.633038 0.000010 0.000010 0.346369 0.020573
0.797408 0.000010 0.094768 0.107804 0.000010
0.000010 0.000010 0.000010 0.000010 0.999960
0.000010 0.000010 0.000010 0.000010 0.999960
0.000010 0.999960 0.000010 0.000010 0.000010
0.000010 0.000010 0.999960 0.000010 0.000010
0.995497 0.000010 0.000010 0.000010 0.004473
0.937243 0.060584 0.000010 0.000010 0.002153
0.000010 0.000010 0.999960 0.000010 0.000010
0.000010 0.000010 0.000010 0.000010 0.999960
0.000010 0.000010 0.000010 0.999960 0.000010
0.000010 0.000011 0.000011 0.000010 0.999958
0.000010 0.000010 0.000010 0.999959 0.000010
0.000010 0.000010 0.000015 0.000010 0.999955
0.000010 0.000011 0.000010 0.000010 0.999959
0.000010 0.493579 0.506391 0.000010 0.000010
0.789074 0.000010 0.091410 0.119496 0.000010
0.000010 0.000010 0.999960 0.000010 0.000010
0.716045 0.091625 0.000010 0.179253 0.013066
0.694049 0.000010 0.000010 0.302050 0.003881
0.521862 0.095058 0.290809 0.092262 0.000010
0.797938 0.053304 0.147084 0.000010 0.001664
0.000010 0.000010 0.000010 0.000010 0.999960
