0.000010 0.037225 0.046090 0.689693 0.000010 0.226972
0.000010 0.000010 0.000010 0.406467 0.015780 0.577722
0.008601 0.000010 0.073038 0.918331 0.000010 0.000010
0.000010 0.000010 0.999950 0.000010 0.000010 0.000010
0.000010 0.000010 0.000010 0.000010 0.999950 0.000010
0.752484 0.000010 0.000010 0.000010 0.247476 0.000010
0.000010 0.000010 0.000010 0.999950 0.000010 0.000010
0.000010 0.036148 0.011364 0.717301 0.000010 0.235166
0.009036 0.038552 0.108953 0.670640 0.000010 0.172810
0.000010 0.000010 0.000010 0.000010 0.000010 0.999950
0.000010 0.000010 0.000010 0.543304 0.010242 0.446424
0.000010 0.000010 0.043376 0.731175 0.000010 0.225419
0.000010 0.048117 0.027063 0.924789 0.000010 0.000010
0.013150 0.031984 0.000010 0.417676 0.000010 0.537170
0.000010 0.029844 0.036441 0.588393 0.000010 0.345302
0.000010 0.000010 0.000010 0.000010 0.000010 0.999950
0.000010 0.000012 0.000011 0.000010 0.999947 0.000010
0.000010 0.000010 0.000010 0.619235 0.022732 0.358003
0.000010 0.000010 0.000010 0.999950 0.000010 0.000010
0.999950 0.000010 0.000010 0.000010 0.000010 0.000010
0.999950 0.000010 0.000010 0.000010 0.000010 0.000010
0.000010 0.000012 0.999948 0.000010 0.000010 0.000010
0.000010 0.999950 0.000010 0.000010 0.000010 0.000010
0.000010 0.090787 0.000010 0.663891 0.014721 0.230582
0.006812 0.000010 0.035068 0.678787 0.000010 0.279314
0.000010 0.999945 0.000010 0.000010 0.000015 0.000010
0.000010 0.000010 0.000010 0.000010 0.999950 0.000010
0.000010 0.000010 0.000010 0.999950 0.000010 0.000010
0.827293 0.000010 0.000010 0.000010 0.172667 0.000010
0.011646 0.000010 0.035219 0.524275 0.010615 0.418235
0.999950 0.000010 0.000010 0.000010 0.000010 0.000010
0.000010 0.000010 0.000010 0.000010 0.999950 0.000010
0.000010 0.128523 0.336608 0.534839 0.000010 0.000010
0.000010 0.000010 0.000010 0.999950 0.000010 0.000010
0.000543 0.249091 0.064661 0.685686 0.000010 0.000010
0.000010 0.000010 0.000010 0.000010 0.000010 0.999950
0.008781 0.000010 0.000010 0.641479 0.000010 0.349710
0.003023 0.154934 0.086125 0.689259 0.000010 0.066649
0.000010 0.026679 0.031854 0.937891 0.003556 0.000010
0.999950 0.000010 0.000010 0.000010 0.000010 0.000010
