0.178508 0.000010 0.640331 0.181151
0.123377 0.011799 0.864814 0.000010
0.176754 0.006587 0.587985 0.228674
0.999970 0.000010 0.000010 0.000010
0.000010 0.999970 0.000010 0.000010
0.000010 0.999970 0.000010 0.000010
0.015213 0.000010 0.828371 0.156406
0.119155 0.000010 0.688826 0.192009
0.234531 0.003518 0.564307 0.197645
0.000010 0.001347 0.998633 0.000010
0.000010 0.000010 0.999970 0.000010
0.162480 0.000010 0.674916 0.162594
0.097964 0.000010 0.637012 0.265014
0.027032 0.011572 0.894208 0.067187
0.126005 0.000010 0.766881 0.107104
0.999960 0.000010 0.000020 0.000010
0.000010 0.999970 0.000010 0.000010
0.000010 0.011168 0.988812 0.000010
0.033248 0.000010 0.780742 0.186000
0.000010 0.999970 0.000010 0.000010
0.000010 0.999970 0.000010 0.000010
0.999970 0.000010 0.000010 0.000010
0.000010 0.000010 0.000010 0.999970
0.050157 0.011806 0.751454 0.186584
0.150079 0.004176 0.727261 0.118485
0.000010 0.000010 0.000010 0.999970
0.000010 0.999970 0.000010 0.000010
0.000010 0.000010 0.991479 0.008501
0.000010 0.999970 0.000010 0.000010
0.047676 0.016174 0.936140 0.000010
0.000010 0.999970 0.000010 0.000010
0.000010 0.999970 0.000010 0.000010
0.471872 0.000010 0.000010 0.528108
0.000010 0.000010 0.814407 0.185573
0.000010 0.000010 0.000010 0.999970
0.100068 0.007766 0.892157 0.000010
0.000010 0.000010 0.999970 0.000010
0.111592 0.000010 0.535193 0.353204
0.110011 0.001527 0.624601 0.263861
0.000012 0.999968 0.000010 0.000010
