0.054676 0.000010 0.000010 0.945294 0.000010
0.000010 0.000010 0.015656 0.584283 0.400041
0.164316 0.014219 0.000010 0.818656 0.002799
0.999960 0.000010 0.000010 0.000010 0.000010
0.000010 0.000010 0.999960 0.000010 0.000010
0.000010 0.752005 0.247965 0.000010 0.000010
0.084932 0.000013 0.000010 0.657657 0.257387
0.000010 0.000010 0.000010 0.999960 0.000010
0.198804 0.009306 0.000010 0.679760 0.112119
0.000010 0.008993 0.000010 0.645106 0.345881
0.000010 0.000010 0.000010 0.000010 0.999960
0.135928 0.000010 0.000640 0.733634 0.129788
0.157332 0.000010 0.000010 0.651791 0.190857
0.000010 0.014939 0.000010 0.697335 0.287706
0.012743 0.000010 0.000010 0.799443 0.187794
0.000010 0.000010 0.015858 0.628793 0.355329
0.000010 0.000010 0.999960 0.000010 0.000010
0.000010 0.000010 0.000010 0.000010 0.999960
0.098590 0.000010 0.002993 0.613547 0.284861
0.000010 0.999960 0.000010 0.000010 0.000010
0.000010 0.999960 0.000010 0.000010 0.000010
0.999957 0.000010 0.000013 0.000010 0.000010
0.150897 0.000010 0.001563 0.847521 0.000010
0.000010 0.000010 0.004759 0.995211 0.000010
0.059677 0.007961 0.000010 0.804917 0.127434
0.000010 0.000010 0.000010 0.999960 0.000010
0.000010 0.000010 0.999960 0.000010 0.000010
0.000010 0.000010 0.000010 0.000010 0.999960
0.000010 0.827063 0.172907 0.000010 0.000010
0.000010 0.000010 0.000010 0.000010 0.999960
0.000010 0.999960 0.000010 0.000010 0.000010
0.000010 0.000010 0.999960 0.000010 0.000010
0.999960 0.000010 0.000010 0.000010 0.000010
0.124890 0.000010 0.000010 0.609056 0.266033
0.343458 0.006523 0.000010 0.649999 0.000010
0.000011 0.014265 0.000010 0.541399 0.444316
0.000010 0.000010 0.000010 0.000010 0.999960
0.183430 0.000010 0.000010 0.604664 0.211885
0.123329 0.000010 0.008801 0.867850 0.000010
0.000010 0.999960 0.000010 0.000010 0.000010
