0.819697 0.000010 0.180283 0.000010
0.987328 0.012652 0.000010 0.000010
0.709388 0.000010 0.279023 0.011579
0.000010 0.000010 0.999970 0.000010
0.000010 0.999970 0.000010 0.000010
0.000010 0.247715 0.000010 0.752265
0.841150 0.000010 0.158830 0.000010
0.838441 0.000010 0.161539 0.000010
0.705939 0.000010 0.286000 0.008050
0.993851 0.000010 0.000010 0.006129
0.992107 0.007873 0.000010 0.000010
0.770155 0.000010 0.229825 0.000010
0.746558 0.000016 0.253416 0.000010
0.987622 0.000010 0.000010 0.012358
0.896035 0.000010 0.103945 0.000010
0.988519 0.011461 0.000010 0.000010
0.000010 0.999970 0.000010 0.000010
0.979838 0.020142 0.000010 0.000010
0.822953 0.003133 0.173904 0.000010
0.000010 0.000010 0.000010 0.999970
0.000010 0.000010 0.000010 0.999970
0.000010 0.000010 0.999970 0.000010
0.637081 0.005922 0.356987 0.000010
0.892468 0.011879 0.095643 0.000010
0.837414 0.000010 0.155898 0.006678
0.743407 0.000016 0.256567 0.000010
0.000010 0.999970 0.000010 0.000010
0.999970 0.000010 0.000010 0.000010
0.000010 0.172375 0.000010 0.827605
0.936197 0.019126 0.042522 0.002154
0.000010 0.000010 0.000010 0.999970
0.000010 0.999970 0.000010 0.000010
0.000010 0.000010 0.999970 0.000010
0.798669 0.000010 0.201311 0.000010
0.516533 0.000010 0.476909 0.006548
0.987053 0.000010 0.000010 0.012927
0.969283 0.000010 0.023899 0.006808
0.713244 0.000010 0.286736 0.000010
0.762026 0.005776 0.232188 0.000010
0.000010 0.000010 0.000010 0.999970
