0.126812 0.380249 0.000010 0.492929
0.000010 0.000010 0.000010 0.999970
0.179270 0.495141 0.009422 0.316166
0.999970 0.000010 0.000010 0.000010
0.000010 0.000011 0.999969 0.000010
0.000015 0.000010 0.999965 0.000010
0.102078 0.357835 0.000010 0.540077
0.100446 0.378166 0.000010 0.521377
0.230156 0.276943 0.003572 0.489329
0.000010 0.205466 0.001279 0.793244
0.000010 0.000010 0.000010 0.999970
0.179927 0.266282 0.000010 0.553781
0.169512 0.428938 0.000010 0.401540
0.000010 0.213182 0.007864 0.778944
0.066217 0.332110 0.000010 0.601663
0.000010 0.000010 0.000010 0.999970
0.000010 0.000010 0.999970 0.000010
0.000010 0.000010 0.005937 0.994043
0.117434 0.296676 0.000010 0.585880
0.000012 0.000010 0.999968 0.000010
0.000011 0.000010 0.999969 0.000010
0.999970 0.000010 0.000010 0.000010
0.000010 0.999970 0.000010 0.000010
0.000010 0.999970 0.000010 0.000010
0.111433 0.325705 0.004118 0.558744
0.000010 0.999970 0.000010 0.000010
0.000010 0.000010 0.999970 0.000010
0.000010 0.000010 0.000010 0.999970
0.000013 0.000010 0.999967 0.000010
0.000010 0.000010 0.003330 0.996650
0.000011 0.000010 0.999969 0.000010
0.000012 0.000010 0.999968 0.000010
0.999970 0.000010 0.000010 0.000010
0.144339 0.351062 0.000010 0.504588
0.341679 0.645656 0.012655 0.000010
0.000010 0.000010 0.000010 0.999970
0.014604 0.000010 0.000010 0.985376
0.184650 0.430772 0.000010 0.384568
0.150681 0.436683 0.003222 0.409415
0.000019 0.000010 0.999961 0.000010
