0.133974 0.048118 0.000016 0.000010 0.000010 0.817872
0.000010 0.000010 0.143929 0.010024 0.000010 0.846017
0.211282 0.078932 0.000010 0.000010 0.009312 0.700454
0.999950 0.000010 0.000010 0.000010 0.000010 0.000010
0.000010 0.000010 0.000010 0.999940 0.000020 0.000010
0.000010 0.000010 0.000010 0.247720 0.752240 0.000010
0.131035 0.043261 0.138505 0.000010 0.000010 0.687179
0.099231 0.047272 0.000010 0.000010 0.000010 0.853466
0.249014 0.049983 0.011093 0.000010 0.006352 0.683548
0.000010 0.003301 0.148199 0.000010 0.001753 0.846727
0.000010 0.000010 0.999950 0.000010 0.000010 0.000010
0.193748 0.000010 0.000010 0.000010 0.000010 0.806212
0.193562 0.114167 0.123942 0.000010 0.000010 0.568309
0.000010 0.000010 0.000011 0.000010 0.004645 0.995314
0.077944 0.046391 0.070065 0.000010 0.000010 0.805580
0.000010 0.000010 0.000012 0.001757 0.000010 0.998201
0.000010 0.000010 0.000010 0.999950 0.000010 0.000010
0.000010 0.000010 0.999950 0.000010 0.000010 0.000010
0.136532 0.078966 0.175705 0.000963 0.000010 0.607824
0.000010 0.000010 0.000010 0.000010 0.999950 0.000010
0.000010 0.000010 0.000010 0.000010 0.999950 0.000010
0.999950 0.000010 0.000010 0.000010 0.000010 0.000010
0.000010 0.999950 0.000010 0.000010 0.000010 0.000010
0.000010 0.118050 0.000010 0.004650 0.000010 0.877270
0.116374 0.000010 0.000010 0.001224 0.000010 0.882372
0.000010 0.999950 0.000010 0.000010 0.000010 0.000010
0.000010 0.000010 0.000010 0.999944 0.000016 0.000010
0.000010 0.000010 0.999950 0.000010 0.000010 0.000010
0.000010 0.000010 0.000010 0.172452 0.827508 0.000010
0.000010 0.000010 0.999950 0.000010 0.000010 0.000010
0.000010 0.000010 0.000010 0.000010 0.999950 0.000010
0.000010 0.000010 0.000010 0.999950 0.000010 0.000010
0.999950 0.000010 0.000010 0.000010 0.000010 0.000010
0.167799 0.067078 0.172520 0.000010 0.000010 0.592583
0.352181 0.263086 0.053103 0.000010 0.008354 0.323266
0.000010 0.000010 0.196263 0.000010 0.009103 0.794605
0.056189 0.000010 0.381786 0.000010 0.003720 0.558285
0.206169 0.185918 0.166180 0.000010 0.000010 0.441713
0.176649 0.104691 0.028717 0.005875 0.000010 0.684057
0.000010 0.000010 0.000010 0.000010 0.999950 0.000010
