0.000010 0.239195 0.760765 0.000010 0.000010 0.000010
0.000010 0.000010 0.999950 0.000010 0.000010 0.000010
0.012066 0.368007 0.619896 0.000010 0.000010 0.000010
0.000010 0.999950 0.000010 0.000010 0.000010 0.000010
0.000010 0.000010 0.000010 0.000010 0.000010 0.999950
0.000010 0.000010 0.000010 0.999950 0.000010 0.000010
0.000010 0.239538 0.596531 0.000010 0.163901 0.000010
0.000010 0.215095 0.784865 0.000010 0.000010 0.000010
0.000010 0.349722 0.644881 0.005368 0.000010 0.000010
0.000010 0.000010 0.000010 0.000010 0.999950 0.000010
0.000010 0.000010 0.000010 0.000010 0.999950 0.000010
0.000010 0.279169 0.720791 0.000010 0.000010 0.000010
0.000010 0.359312 0.476300 0.000010 0.164358 0.000010
0.000010 0.000010 0.999950 0.000010 0.000010 0.000010
0.000010 0.178573 0.704113 0.000010 0.117284 0.000010
0.000010 0.000010 0.999950 0.000010 0.000010 0.000010
0.000010 0.000015 0.000010 0.000010 0.000010 0.999945
0.000010 0.000010 0.000010 0.000010 0.999950 0.000010
0.000010 0.264242 0.496188 0.000010 0.236153 0.003397
0.000010 0.000010 0.000010 0.999950 0.000010 0.000010
0.999950 0.000010 0.000010 0.000010 0.000010 0.000010
0.000010 0.999950 0.000010 0.000010 0.000010 0.000010
0.000010 0.639176 0.000010 0.000010 0.344745 0.016049
0.006444 0.123391 0.870135 0.000010 0.000010 0.000010
0.001828 0.185499 0.812642 0.000010 0.000010 0.000010
0.000012 0.447149 0.361689 0.000010 0.191129 0.000010
0.000010 0.000010 0.000016 0.000010 0.000010 0.999944
0.000010 0.000010 0.000010 0.000010 0.999950 0.000010
0.000010 0.000010 0.000010 0.999950 0.000010 0.000010
0.000010 0.105987 0.356989 0.023255 0.513748 0.000010
0.999950 0.000010 0.000010 0.000010 0.000010 0.000010
0.000010 0.000010 0.000010 0.000010 0.000010 0.999950
0.000010 0.999950 0.000010 0.000010 0.000010 0.000010
0.000010 0.286042 0.541968 0.000010 0.171960 0.000010
0.012422 0.726368 0.000010 0.000010 0.261180 0.000010
0.000010 0.000010 0.768627 0.008595 0.222749 0.000010
0.000010 0.111839 0.467125 0.007724 0.413291 0.000010
0.000010 0.418273 0.304791 0.002009 0.274906 0.000010
0.000010 0.328510 0.571911 0.000010 0.091918 0.007641
0.999950 0.000010 0.000010 0.000010 0.000010 0.000010
