0.782306 0.000010 0.217664 0.000010 0.000010
0.745466 0.000010 0.000010 0.244854 0.009660
0.604316 0.009478 0.386186 0.000010 0.000010
0.000010 0.000010 0.999960 0.000010 0.000010
0.000010 0.000010 0.000010 0.000010 0.999960
0.000010 0.752300 0.000010 0.000010 0.247670
0.546864 0.000010 0.237235 0.215881 0.000010
0.827144 0.000010 0.172826 0.000010 0.000010
0.625804 0.005673 0.368503 0.000010 0.000010
0.776850 0.001182 0.000010 0.221947 0.000010
0.000010 0.000010 0.000010 0.999960 0.000010
0.728201 0.000010 0.271769 0.000010 0.000010
0.451242 0.000010 0.379337 0.169401 0.000010
0.841030 0.007403 0.000010 0.151547 0.000010
0.742075 0.000010 0.156601 0.101304 0.000010
0.999960 0.000010 0.000010 0.000010 0.000010
0.000010 0.000013 0.000010 0.000010 0.999957
0.000010 0.000010 0.000010 0.999960 0.000010
0.481133 0.000010 0.271963 0.246206 0.000689
0.000010 0.999960 0.000010 0.000010 0.000010
0.000010 0.999960 0.000010 0.000010 0.000010
0.000010 0.000010 0.999960 0.000010 0.000010
0.000010 0.000010 0.999960 0.000010 0.000010
0.999960 0.000010 0.000010 0.000010 0.000010
0.867362 0.001091 0.131527 0.000010 0.000010
0.390933 0.000010 0.609037 0.000010 0.000010
0.000010 0.000011 0.000010 0.000010 0.999959
0.000010 0.000010 0.000010 0.999960 0.000010
0.000010 0.827692 0.000013 0.000010 0.172275
0.000010 0.000010 0.000010 0.999960 0.000010
0.000010 0.999960 0.000010 0.000010 0.000010
0.000010 0.000018 0.000010 0.000010 0.999952
0.000010 0.000010 0.999960 0.000010 0.000010
0.481159 0.000010 0.282982 0.235839 0.000010
0.000010 0.000010 0.999960 0.000010 0.000010
0.704501 0.007671 0.000010 0.287808 0.000010
0.000010 0.000010 0.000010 0.999960 0.000010
0.300149 0.000010 0.480133 0.219698 0.000010
0.624300 0.000010 0.346104 0.023686 0.005900
0.000010 0.999960 0.000010 0.000010 0.000010
