0.121230 0.715381 0.080237 0.083131 0.000010 0.000010
0.000010 0.000010 0.000010 0.999950 0.000010 0.000010
0.179866 0.724482 0.085556 0.000010 0.010075 0.000010
0.999950 0.000010 0.000010 0.000010 0.000010 0.000010
0.000010 0.000010 0.000010 0.000010 0.000010 0.999950
0.000010 0.000010 0.000010 0.000010 0.752303 0.247657
0.084332 0.890313 0.025325 0.000010 0.000010 0.000010
0.086353 0.747500 0.084420 0.081707 0.000010 0.000010
0.202755 0.634866 0.087270 0.067292 0.007807 0.000010
0.000010 0.836852 0.022669 0.132668 0.007792 0.000010
0.000010 0.962978 0.000010 0.032009 0.000010 0.004982
0.144117 0.805884 0.015395 0.034584 0.000010 0.000010
0.137953 0.740620 0.121398 0.000010 0.000010 0.000010
0.000010 0.708206 0.048878 0.228492 0.014403 0.000010
0.070715 0.764825 0.052514 0.111925 0.000010 0.000010
0.000010 0.000010 0.000010 0.999950 0.000010 0.000010
0.000010 0.000010 0.000010 0.000010 0.000010 0.999950
0.000010 0.983224 0.000010 0.000010 0.000010 0.016736
0.082388 0.843339 0.072849 0.000010 0.000010 0.001404
0.000010 0.000010 0.000010 0.000010 0.999950 0.000010
0.000010 0.000010 0.000010 0.000010 0.999950 0.000010
0.999950 0.000010 0.000010 0.000010 0.000010 0.000010
0.000010 0.000010 0.999950 0.000010 0.000010 0.000010
0.024768 0.761736 0.129356 0.070294 0.000010 0.013836
0.102250 0.802016 0.023756 0.065903 0.006065 0.000010
0.000015 0.000010 0.999945 0.000010 0.000010 0.000010
0.000010 0.000010 0.000010 0.000010 0.000010 0.999950
0.000010 0.999950 0.000010 0.000010 0.000010 0.000010
0.000010 0.000010 0.000010 0.000010 0.827732 0.172228
0.038056 0.870738 0.000010 0.070246 0.000010 0.020940
0.000010 0.000010 0.000010 0.000010 0.999950 0.000010
0.000010 0.000010 0.000010 0.000010 0.000010 0.999950
0.707014 0.000010 0.292946 0.000010 0.000010 0.000010
0.097910 0.845520 0.056540 0.000010 0.000010 0.000010
0.228479 0.435034 0.330328 0.000010 0.006139 0.000010
0.006478 0.767528 0.000010 0.211877 0.014098 0.000010
0.000010 0.980441 0.000010 0.015911 0.003618 0.000010
0.159390 0.647574 0.193006 0.000010 0.000010 0.000010
0.136416 0.749261 0.110024 0.000010 0.000010 0.004279
0.000010 0.000010 0.000010 0.000010 0.999950 0.000010
