0.000010 0.000010 0.121644 0.066230 0.812096 0.000010
0.214291 0.000010 0.000010 0.000010 0.775707 0.009972
0.000010 0.009360 0.201137 0.133564 0.655920 0.000010
0.000010 0.000010 0.000010 0.999950 0.000010 0.000010
0.000010 0.000010 0.000010 0.000010 0.000010 0.999950
0.000010 0.752315 0.000010 0.000010 0.000010 0.247645
0.206822 0.000010 0.141545 0.063224 0.588389 0.000010
0.000010 0.000010 0.153343 0.018122 0.828505 0.000010
0.000010 0.005533 0.180656 0.142699 0.671091 0.000010
0.197163 0.001867 0.000010 0.000010 0.800940 0.000010
0.999950 0.000010 0.000010 0.000010 0.000010 0.000010
0.000010 0.000010 0.119876 0.082684 0.797410 0.000010
0.167214 0.000010 0.257686 0.090958 0.484122 0.000010
0.000010 0.003827 0.000010 0.000010 0.996133 0.000010
0.086499 0.000010 0.091851 0.054817 0.766812 0.000010
0.000010 0.000010 0.000010 0.000010 0.999950 0.000010
0.000010 0.000013 0.000010 0.000010 0.000010 0.999947
0.999950 0.000010 0.000010 0.000010 0.000010 0.000010
0.232738 0.000010 0.177533 0.059957 0.529220 0.000541
0.000010 0.999950 0.000010 0.000010 0.000010 0.000010
0.000010 0.999950 0.000010 0.000010 0.000010 0.000010
0.000010 0.000010 0.000010 0.999950 0.000010 0.000010
0.000010 0.000010 0.999950 0.000010 0.000010 0.000010
0.000010 0.000010 0.144389 0.000010 0.850731 0.004849
0.000010 0.000010 0.037680 0.057685 0.904605 0.000010
0.000010 0.000010 0.999950 0.000010 0.000010 0.000010
0.000010 0.000010 0.000010 0.000010 0.000010 0.999950
0.999950 0.000010 0.000010 0.000010 0.000010 0.000010
0.000010 0.827646 0.000010 0.000010 0.000010 0.172314
0.999950 0.000010 0.000010 0.000010 0.000010 0.000010
0.000010 0.999950 0.000010 0.000010 0.000010 0.000010
0.000010 0.000010 0.000010 0.000010 0.000010 0.999950
0.000010 0.000010 0.548755 0.451205 0.000010 0.000010
0.232249 0.000010 0.179433 0.077858 0.510439 0.000010
0.000010 0.000010 0.999950 0.000010 0.000010 0.000010
0.258610 0.007824 0.000010 0.002262 0.731284 0.000010
0.999950 0.000010 0.000010 0.000010 0.000010 0.000010
0.217346 0.000010 0.351715 0.104510 0.326409 0.000010
0.036831 0.000010 0.240443 0.093675 0.623162 0.005878
0.000010 0.999950 0.000010 0.000010 0.000010 0.000010
