0.205609 0.794371 0.000010 0.000010
0.000010 0.988877 0.011103 0.000010
0.336002 0.658916 0.000010 0.005072
0.999970 0.000010 0.000010 0.000010
0.000010 0.000010 0.000010 0.999970
0.000010 0.000010 0.743839 0.256141
0.203654 0.796326 0.000010 0.000010
0.210705 0.789275 0.000010 0.000010
0.329354 0.660621 0.010016 0.000010
0.000010 0.989433 0.010547 0.000010
0.000010 0.990651 0.009329 0.000010
0.287715 0.712265 0.000010 0.000010
0.303247 0.696733 0.000010 0.000010
0.000010 0.988160 0.011820 0.000010
0.129913 0.870067 0.000010 0.000010
0.000010 0.994373 0.000010 0.005607
0.000010 0.000010 0.000010 0.999970
0.000010 0.984014 0.000010 0.015966
0.204380 0.795600 0.000010 0.000010
0.000010 0.000010 0.999970 0.000010
0.000010 0.000010 0.999970 0.000010
0.999970 0.000010 0.000010 0.000010
0.410851 0.589129 0.000010 0.000010
0.170052 0.826610 0.003328 0.000010
0.187686 0.806296 0.006008 0.000010
0.305632 0.694348 0.000010 0.000010
0.000010 0.000010 0.000010 0.999970
0.000010 0.999970 0.000010 0.000010
0.000010 0.000010 0.801142 0.198838
0.011091 0.969693 0.000010 0.019205
0.000010 0.000010 0.999970 0.000010
0.000010 0.000010 0.000010 0.999970
0.999970 0.000010 0.000010 0.000010
0.239226 0.760754 0.000010 0.000010
0.547294 0.452063 0.000010 0.000633
0.000010 0.987990 0.000010 0.011990
0.047594 0.948127 0.004269 0.000010
0.357258 0.641468 0.001265 0.000010
0.279107 0.708953 0.000010 0.011930
0.000010 0.000010 0.999970 0.000010
