0.206059 0.000010 0.793931
0.000010 0.006697 0.993293
0.343805 0.001720 0.654475
0.999980 0.000010 0.000010
0.000010 0.999980 0.000010
0.000010 0.999980 0.000010
0.202753 0.000010 0.797237
0.231982 0.000010 0.768008
0.339498 0.006205 0.654297
0.000010 0.006046 0.993944
0.000010 0.002643 0.997347
0.289346 0.000010 0.710644
0.308395 0.000010 0.691595
0.000010 0.006818 0.993172
0.138175 0.000010 0.861815
0.000010 0.003560 0.996430
0.000010 0.999980 0.000010
0.000010 0.013981 0.986009
0.209280 0.000010 0.790710
0.000010 0.999980 0.000010
0.000011 0.999979 0.000010
0.999980 0.000010 0.000010
0.414130 0.000010 0.585860
0.182400 0.002266 0.815334
0.189164 0.003983 0.806853
0.315447 0.000010 0.684543
0.000012 0.999978 0.000010
0.000010 0.000106 0.999884
0.000010 0.999980 0.000010
0.001888 0.014903 0.983209
0.000010 0.999980 0.000010
0.000014 0.999976 0.000010
0.999980 0.000010 0.000010
0.234513 0.000010 0.765477
0.563908 0.004314 0.431778
0.000010 0.010637 0.989353
0.023138 0.003315 0.973547
0.353153 0.000010 0.646837
0.279116 0.012551 0.708334
0.000013 0.999977 0.000010
