0.000010 0.297108 0.000010 0.061481 0.641390
0.000010 0.000010 0.000554 0.000010 0.999416
0.000010 0.338657 0.005736 0.143917 0.511680
0.000010 0.000013 0.000010 0.999957 0.000010
0.999960 0.000010 0.000010 0.000010 0.000010
0.256099 0.000010 0.743871 0.000010 0.000010
0.000010 0.249094 0.000010 0.073334 0.677552
0.000010 0.300087 0.000010 0.054034 0.645858
0.000010 0.274967 0.008939 0.162473 0.553612
0.000010 0.000010 0.002317 0.000010 0.997653
0.000010 0.000010 0.000010 0.000010 0.999960
0.000010 0.287082 0.000010 0.094921 0.617977
0.000010 0.348933 0.000010 0.106164 0.544883
0.000010 0.107976 0.010088 0.000010 0.881916
0.000010 0.201074 0.000010 0.048800 0.750106
0.000010 0.000010 0.000010 0.000010 0.999960
0.999960 0.000010 0.000010 0.000010 0.000010
0.009882 0.000010 0.000010 0.000010 0.990088
0.000010 0.264320 0.000010 0.058945 0.676715
0.000010 0.000010 0.999960 0.000010 0.000010
0.000010 0.000010 0.999960 0.000010 0.000010
0.000010 0.000010 0.000010 0.999960 0.000010
0.000010 0.999960 0.000010 0.000010 0.000010
0.000010 0.325754 0.004479 0.028516 0.641240
0.000010 0.192234 0.003609 0.082365 0.721782
0.000010 0.999960 0.000010 0.000010 0.000010
0.999960 0.000010 0.000010 0.000010 0.000010
0.000010 0.000010 0.000010 0.000010 0.999960
0.198784 0.000010 0.801186 0.000010 0.000010
0.010558 0.000010 0.000010 0.044129 0.945294
0.000010 0.000010 0.999960 0.000010 0.000010
0.999960 0.000010 0.000010 0.000010 0.000010
0.000010 0.561560 0.000010 0.438410 0.000010
0.000010 0.301687 0.000010 0.076726 0.621567
0.000010 0.999960 0.000010 0.000010 0.000010
0.004593 0.000010 0.000010 0.000010 0.995377
0.000010 0.000010 0.000010 0.053392 0.946578
0.000010 0.421673 0.003135 0.135207 0.439975
0.012902 0.325052 0.000010 0.112580 0.549456
0.000010 0.000010 0.999960 0.000010 0.000010
