0.000010 0.782893 0.000010 0.000010 0.123695 0.093382
0.008236 0.940643 0.000010 0.051091 0.000010 0.000010
0.003060 0.643291 0.000010 0.000010 0.245467 0.108163
0.000010 0.000010 0.000010 0.000010 0.999950 0.000010
0.000010 0.000010 0.999950 0.000010 0.000010 0.000010
0.734607 0.000010 0.265353 0.000010 0.000010 0.000010
0.000010 0.796104 0.000010 0.010253 0.161282 0.032341
0.000010 0.753257 0.000010 0.000010 0.157957 0.088756
0.008334 0.643137 0.000010 0.000010 0.282870 0.065639
0.000010 0.953030 0.006418 0.029083 0.000010 0.011449
0.000016 0.000010 0.000010 0.999944 0.000010 0.000010
0.000010 0.747703 0.000010 0.000010 0.252257 0.000010
0.000010 0.598476 0.000010 0.030233 0.227376 0.143895
0.007393 0.982256 0.000010 0.000010 0.000010 0.010320
0.000010 0.819585 0.000010 0.024368 0.082967 0.073061
0.000010 0.978681 0.001875 0.019413 0.000010 0.000010
0.000010 0.000010 0.999950 0.000010 0.000010 0.000010
0.000010 0.777008 0.019465 0.157505 0.000010 0.046003
0.000010 0.714501 0.000010 0.034898 0.148148 0.102434
0.999950 0.000010 0.000010 0.000010 0.000010 0.000010
0.999950 0.000010 0.000010 0.000010 0.000010 0.000010
0.000010 0.000010 0.000010 0.000010 0.999950 0.000010
0.000010 0.000010 0.000010 0.000010 0.000010 0.999950
0.001950 0.787292 0.000010 0.000010 0.033645 0.177093
0.005040 0.832335 0.000010 0.000010 0.146354 0.016251
0.000010 0.000010 0.000010 0.000010 0.000010 0.999950
0.000010 0.000010 0.999950 0.000010 0.000010 0.000010
0.000010 0.000010 0.000010 0.000010 0.000010 0.999950
0.791968 0.000010 0.207992 0.000010 0.000010 0.000010
0.018005 0.796184 0.000010 0.137086 0.048704 0.000010
0.999950 0.000010 0.000010 0.000010 0.000010 0.000010
0.000010 0.000010 0.999950 0.000010 0.000010 0.000010
0.000010 0.000010 0.000010 0.000010 0.999950 0.000010
0.000010 0.733227 0.000010 0.008248 0.176891 0.081614
0.000010 0.263603 0.009229 0.001881 0.427133 0.298144
0.000010 0.930192 0.012438 0.057340 0.000010 0.000010
0.008429 0.765025 0.000010 0.152335 0.074191 0.000010
0.002087 0.494872 0.000010 0.038164 0.248345 0.216522
0.000010 0.663449 0.013019 0.000010 0.205910 0.117601
0.999950 0.000010 0.000010 0.000010 0.000010 0.000010
