0.641110 0.061463 0.000010 0.000010 0.297407
0.999561 0.000018 0.000401 0.000010 0.000010
0.511902 0.143912 0.000010 0.005065 0.339112
0.000010 0.999960 0.000010 0.000010 0.000010
0.000010 0.000010 0.000010 0.999960 0.000010
0.000010 0.000010 0.743944 0.256026 0.000010
0.677292 0.073284 0.000010 0.000010 0.249404
0.645602 0.053991 0.000010 0.000010 0.300387
0.553383 0.162416 0.008911 0.000010 0.275280
0.997992 0.000010 0.001978 0.000010 0.000010
0.999958 0.000010 0.000012 0.000010 0.000010
0.617743 0.094854 0.000010 0.000010 0.287383
0.544696 0.106129 0.000010 0.000010 0.349155
0.882448 0.000010 0.009455 0.000010 0.108078
0.749899 0.048787 0.000010 0.000010 0.201293
0.999960 0.000010 0.000010 0.000010 0.000010
0.000010 0.000010 0.000010 0.999960 0.000010
0.990942 0.000010 0.009028 0.000010 0.000010
0.676541 0.058895 0.000010 0.000010 0.264544
0.000010 0.000010 0.999960 0.000010 0.000010
0.000010 0.000010 0.999960 0.000010 0.000010
0.000010 0.999960 0.000010 0.000010 0.000010
0.000010 0.000010 0.000010 0.000010 0.999960
0.641529 0.028559 0.000010 0.003746 0.326157
0.721857 0.082361 0.003219 0.000010 0.192553
0.000010 0.000010 0.000010 0.000010 0.999960
0.000010 0.000010 0.000010 0.999960 0.000010
0.999960 0.000010 0.000010 0.000010 0.000010
0.000010 0.000010 0.801320 0.198650 0.000010
0.945350 0.044104 0.000010 0.010526 0.000010
0.000010 0.000010 0.999960 0.000010 0.000010
0.000010 0.000010 0.000010 0.999960 0.000010
0.000010 0.438273 0.000016 0.000010 0.561690
0.621273 0.076658 0.000010 0.000010 0.302049
0.000010 0.000010 0.000010 0.000010 0.999960
0.995704 0.000018 0.000010 0.004258 0.000010
0.946527 0.053437 0.000016 0.000010 0.000010
0.439539 0.135157 0.003460 0.000010 0.421834
0.549289 0.112525 0.000010 0.012898 0.325279
0.000010 0.000010 0.999960 0.000010 0.000010
