0.636340 0.000010 0.057702 0.305938 0.000010
0.999960 0.000010 0.000010 0.000010 0.000010
0.509069 0.000010 0.139069 0.347891 0.003961
0.000010 0.000010 0.999960 0.000010 0.000010
0.000010 0.999960 0.000010 0.000010 0.000010
0.000010 0.265424 0.000010 0.000010 0.734546
0.688498 0.000010 0.076106 0.235375 0.000010
0.616790 0.000010 0.057813 0.325377 0.000010
0.539600 0.000010 0.159430 0.292231 0.008729
0.966683 0.003387 0.000010 0.029910 0.000010
0.999960 0.000010 0.000010 0.000010 0.000010
0.613703 0.000010 0.081371 0.304906 0.000010
0.537965 0.000010 0.104347 0.357668 0.000010
0.892034 0.000010 0.000010 0.099337 0.008609
0.740729 0.000010 0.050340 0.208911 0.000010
0.999960 0.000010 0.000010 0.000010 0.000010
0.000010 0.999960 0.000010 0.000010 0.000010
0.988170 0.011790 0.000010 0.000020 0.000010
0.668116 0.000010 0.057197 0.274667 0.000010
0.000010 0.000010 0.000010 0.000010 0.999960
0.000010 0.000010 0.000010 0.000010 0.999960
0.000010 0.000010 0.999960 0.000010 0.000010
0.000010 0.000010 0.000010 0.999960 0.000010
0.622973 0.000010 0.026926 0.344584 0.005508
0.712791 0.000010 0.071191 0.212221 0.003787
0.000010 0.000010 0.000010 0.999960 0.000010
0.000010 0.999960 0.000010 0.000010 0.000010
0.999960 0.000010 0.000010 0.000010 0.000010
0.000010 0.207927 0.000010 0.000010 0.792043
0.963296 0.000010 0.028863 0.000010 0.007822
0.000010 0.000010 0.000010 0.000010 0.999960
0.000010 0.999960 0.000010 0.000010 0.000010
0.000010 0.000010 0.416365 0.583605 0.000010
0.644896 0.000010 0.075470 0.279615 0.000010
0.000010 0.000011 0.000010 0.999959 0.000010
0.994243 0.005727 0.000010 0.000010 0.000010
0.970887 0.000010 0.029083 0.000010 0.000010
0.454587 0.000010 0.121480 0.423081 0.000843
0.562157 0.013754 0.114061 0.310018 0.000010
0.000010 0.000010 0.000010 0.000010 0.999960
