0.000010 0.796036 0.000010 0.203944
0.008947 0.991033 0.000010 0.000010
0.000010 0.653229 0.005082 0.341679
0.000010 0.000010 0.000010 0.999970
0.999970 0.000010 0.000010 0.000010
0.265475 0.000010 0.734505 0.000010
0.000010 0.798583 0.000010 0.201397
0.000010 0.769738 0.000010 0.230242
0.000010 0.652388 0.010122 0.337480
0.009049 0.990931 0.000010 0.000010
0.005251 0.994729 0.000010 0.000010
0.000010 0.711982 0.000010 0.287998
0.000010 0.693076 0.000010 0.306904
0.000010 0.988034 0.011946 0.000010
0.000013 0.863445 0.000010 0.136532
0.007813 0.992167 0.000010 0.000010
0.999970 0.000010 0.000010 0.000010
0.016721 0.983259 0.000010 0.000010
0.000010 0.792104 0.000010 0.207876
0.000010 0.000010 0.999970 0.000010
0.000010 0.000010 0.999970 0.000010
0.000010 0.000010 0.000010 0.999970
0.000682 0.587344 0.000010 0.411964
0.000010 0.814134 0.005481 0.180375
0.000010 0.805556 0.006946 0.187487
0.000010 0.686678 0.000010 0.313302
0.999970 0.000010 0.000010 0.000010
0.004359 0.995621 0.000010 0.000010
0.207946 0.000010 0.792034 0.000010
0.017098 0.980968 0.000010 0.001924
0.000010 0.000010 0.999970 0.000010
0.999970 0.000010 0.000010 0.000010
0.000010 0.000010 0.000010 0.999970
0.000010 0.766801 0.000010 0.233179
0.005815 0.431984 0.000010 0.562191
0.013081 0.986899 0.000010 0.000010
0.000010 0.968540 0.007764 0.023687
0.000010 0.648020 0.000401 0.351569
0.013769 0.708938 0.000010 0.277283
0.000010 0.000010 0.999970 0.000010
