0.306069 0.000010 0.057643 0.000010 0.636268
0.000010 0.000010 0.000010 0.000010 0.999960
0.348056 0.000010 0.139025 0.003967 0.508942
0.000010 0.000010 0.999960 0.000010 0.000010
0.000010 0.999960 0.000010 0.000010 0.000010
0.000010 0.265424 0.000010 0.734546 0.000010
0.235504 0.000010 0.076073 0.000010 0.688403
0.325523 0.000010 0.057761 0.000010 0.616696
0.292366 0.000010 0.159395 0.008735 0.539494
0.029849 0.003383 0.000010 0.000010 0.966748
0.000010 0.000010 0.000010 0.000010 0.999960
0.305042 0.000010 0.081301 0.000010 0.613637
0.357766 0.000010 0.104298 0.000010 0.537916
0.099359 0.000010 0.000010 0.008608 0.892013
0.209036 0.000010 0.050303 0.000010 0.740640
0.000010 0.000010 0.000010 0.000010 0.999960
0.000010 0.999960 0.000010 0.000010 0.000010
0.000010 0.011787 0.000010 0.000010 0.988183
0.274775 0.000010 0.057169 0.000010 0.668036
0.000010 0.000010 0.000010 0.999960 0.000010
0.000010 0.000010 0.000010 0.999960 0.000010
0.000010 0.000010 0.999960 0.000010 0.000010
0.999960 0.000010 0.000010 0.000010 0.000010
0.344717 0.000010 0.026877 0.005512 0.622884
0.212342 0.000010 0.071159 0.003787 0.712702
0.999960 0.000010 0.000010 0.000010 0.000010
0.000010 0.999960 0.000010 0.000010 0.000010
0.000010 0.000010 0.000010 0.000010 0.999960
0.000010 0.207927 0.000010 0.792043 0.000010
0.000010 0.000010 0.028855 0.007824 0.963301
0.000010 0.000010 0.000010 0.999960 0.000010
0.000010 0.999960 0.000010 0.000010 0.000010
0.583684 0.000010 0.416286 0.000010 0.000010
0.279751 0.000010 0.075436 0.000010 0.644793
0.999960 0.000010 0.000010 0.000010 0.000010
0.000010 0.005725 0.000013 0.000010 0.994242
0.000010 0.000010 0.029099 0.000010 0.970871
0.423169 0.000010 0.121462 0.000848 0.454511
0.310134 0.013756 0.114030 0.000010 0.562070
0.000010 0.000010 0.000010 0.999960 0.000010
