0.000010 0.934530 0.000010 0.065440 0.000010
0.272096 0.710068 0.000010 0.000010 0.017816
0.173281 0.647973 0.000010 0.174955 0.003781
0.000010 0.000010 0.000010 0.999960 0.000010
0.000010 0.000010 0.999960 0.000010 0.000010
0.000010 0.000010 0.265147 0.000010 0.734823
0.266349 0.633717 0.000010 0.099914 0.000010
0.000010 0.913100 0.000010 0.086870 0.000010
0.083381 0.701414 0.000010 0.205087 0.010108
0.268648 0.718670 0.012662 0.000010 0.000010
0.999960 0.000010 0.000010 0.000010 0.000010
0.000010 0.857376 0.000010 0.142594 0.000010
0.395057 0.475582 0.000010 0.129341 0.000010
0.272483 0.713213 0.000010 0.000010 0.014284
0.000010 0.963489 0.000010 0.036481 0.000010
0.000010 0.991501 0.008469 0.000010 0.000010
0.000010 0.000010 0.999960 0.000010 0.000010
0.999960 0.000010 0.000010 0.000010 0.000010
0.346520 0.575751 0.000010 0.077709 0.000010
0.000010 0.000010 0.000013 0.000010 0.999957
0.000010 0.000010 0.000010 0.000010 0.999960
0.000010 0.000010 0.000010 0.999960 0.000010
0.999960 0.000010 0.000010 0.000010 0.000010
0.000010 0.999010 0.000010 0.000010 0.000960
0.000010 0.931781 0.000010 0.063822 0.004377
0.700608 0.299362 0.000010 0.000010 0.000010
0.000018 0.000010 0.999952 0.000010 0.000010
0.000010 0.987587 0.012383 0.000010 0.000010
0.000010 0.000010 0.207856 0.000010 0.792114
0.544592 0.415290 0.000010 0.018255 0.021853
0.000010 0.000010 0.000010 0.000010 0.999960
0.000010 0.000010 0.999960 0.000010 0.000010
0.489676 0.000010 0.000010 0.510294 0.000010
0.234692 0.670455 0.000010 0.094832 0.000010
0.749028 0.000010 0.000010 0.250942 0.000010
0.271368 0.709107 0.019505 0.000010 0.000010
0.999960 0.000010 0.000010 0.000010 0.000010
0.539955 0.293290 0.000010 0.166735 0.000010
0.000010 0.811608 0.015273 0.173100 0.000010
0.000010 0.000010 0.000010 0.000010 0.999960
