0.784729 0.000010 0.000010 0.050780 0.000010 0.164461
0.806570 0.009951 0.183449 0.000010 0.000010 0.000010
0.633648 0.000010 0.000010 0.143066 0.003453 0.219814
0.000010 0.000010 0.000010 0.999950 0.000010 0.000010
0.000010 0.000010 0.000010 0.000010 0.999950 0.000010
0.000010 0.744041 0.000010 0.000010 0.255919 0.000010
0.661522 0.000010 0.118794 0.075182 0.000010 0.144483
0.781567 0.000010 0.000010 0.035268 0.000010 0.183135
0.637119 0.009910 0.000010 0.169380 0.000010 0.183571
0.798718 0.007431 0.193820 0.000010 0.000010 0.000010
0.000010 0.000010 0.999950 0.000010 0.000010 0.000010
0.736667 0.000010 0.000010 0.100877 0.000010 0.162426
0.487567 0.000010 0.126032 0.110358 0.000010 0.276023
0.792299 0.000010 0.153785 0.000010 0.010504 0.043392
0.706365 0.000010 0.128399 0.044635 0.000010 0.120581
0.999950 0.000010 0.000010 0.000010 0.000010 0.000010
0.000010 0.000010 0.000010 0.000010 0.999950 0.000010
0.000010 0.000010 0.999950 0.000010 0.000010 0.000010
0.596364 0.000010 0.155743 0.066699 0.000010 0.181175
0.000010 0.999950 0.000010 0.000010 0.000010 0.000010
0.000010 0.999947 0.000010 0.000010 0.000013 0.000010
0.000010 0.000010 0.000010 0.999950 0.000010 0.000010
0.000010 0.000010 0.000010 0.000010 0.000010 0.999950
0.789082 0.000010 0.000010 0.000010 0.000010 0.210878
0.913396 0.000010 0.000010 0.074798 0.000010 0.011777
0.000010 0.000010 0.000010 0.000010 0.000010 0.999950
0.000010 0.000010 0.000010 0.000010 0.999950 0.000010
0.999950 0.000010 0.000010 0.000010 0.000010 0.000010
0.000010 0.801359 0.000010 0.000010 0.198601 0.000010
0.000010 0.000010 0.999950 0.000010 0.000010 0.000010
0.000010 0.999950 0.000010 0.000010 0.000010 0.000010
0.000010 0.000010 0.000010 0.000010 0.999950 0.000010
0.000010 0.000010 0.000010 0.477741 0.000010 0.522219
0.592278 0.000010 0.145813 0.082168 0.000010 0.179721
0.000010 0.000010 0.000010 0.000010 0.000010 0.999950
0.749234 0.000010 0.235948 0.003686 0.011112 0.000010
0.475913 0.000180 0.436075 0.057065 0.000010 0.030757
0.349992 0.002454 0.144253 0.138012 0.000010 0.365279
0.668792 0.000010 0.000010 0.111310 0.012211 0.207667
0.000010 0.999950 0.000010 0.000010 0.000010 0.000010
