0.061450 0.640629 0.297911 0.000010
0.000010 0.999970 0.000010 0.000010
0.143896 0.512407 0.339475 0.004222
0.999970 0.000010 0.000010 0.000010
0.000012 0.000012 0.000010 0.999966
0.000010 0.000013 0.000010 0.999967
0.073254 0.676858 0.249878 0.000010
0.053954 0.645063 0.300972 0.000010
0.162594 0.555788 0.275836 0.005782
0.000010 0.999567 0.000010 0.000413
0.000010 0.999970 0.000010 0.000010
0.094763 0.617457 0.287770 0.000010
0.106095 0.544467 0.349428 0.000010
0.000010 0.885250 0.107772 0.006968
0.048789 0.749612 0.201589 0.000010
0.000010 0.999970 0.000010 0.000010
0.000019 0.000010 0.000010 0.999961
0.000010 0.992168 0.000010 0.007812
0.058857 0.676347 0.264786 0.000010
0.000010 0.000010 0.000010 0.999970
0.000010 0.000010 0.000010 0.999970
0.999968 0.000010 0.000012 0.000010
0.000010 0.000010 0.999970 0.000010
0.028466 0.641778 0.326517 0.003238
0.082405 0.722926 0.192970 0.001700
0.000010 0.000010 0.999970 0.000010
0.000012 0.000010 0.000010 0.999968
0.000010 0.999970 0.000010 0.000010
0.000010 0.000010 0.000010 0.999970
0.044039 0.947079 0.000010 0.008872
0.000010 0.000010 0.000010 0.999970
0.000010 0.000010 0.000010 0.999970
0.438126 0.000010 0.561854 0.000010
0.076594 0.620862 0.302534 0.000010
0.000010 0.000010 0.999970 0.000010
0.000010 0.997809 0.000010 0.002171
0.053551 0.946429 0.000010 0.000010
0.135236 0.441128 0.421994 0.001642
0.112619 0.550618 0.325694 0.011069
0.000010 0.000010 0.000010 0.999970
