0.535411 0.082294 0.382275 0.000010 0.000010
0.999960 0.000010 0.000010 0.000010 0.000010
0.422386 0.191669 0.379023 0.000010 0.006912
0.000010 0.999960 0.000010 0.000010 0.000010
0.000010 0.000010 0.000010 0.000010 0.999960
0.000010 0.000010 0.000010 0.743819 0.256151
0.587204 0.102676 0.310100 0.000010 0.000010
0.541870 0.088226 0.369884 0.000010 0.000010
0.488506 0.232989 0.269108 0.009387 0.000010
0.861191 0.000010 0.133055 0.000010 0.005734
0.999960 0.000010 0.000010 0.000010 0.000010
0.541476 0.196219 0.262285 0.000010 0.000010
0.465531 0.173604 0.360844 0.000010 0.000010
0.820459 0.000010 0.169600 0.009921 0.000010
0.681179 0.047781 0.271020 0.000010 0.000010
0.999960 0.000010 0.000010 0.000010 0.000010
0.000018 0.000010 0.000010 0.000010 0.999952
0.994493 0.000010 0.000010 0.000010 0.005477
0.597593 0.107624 0.294763 0.000010 0.000010
0.000010 0.000010 0.000010 0.999960 0.000010
0.000010 0.000010 0.000010 0.999960 0.000010
0.000010 0.999960 0.000010 0.000010 0.000010
0.000010 0.000010 0.999960 0.000010 0.000010
0.544055 0.000010 0.450629 0.005296 0.000010
0.616457 0.106571 0.271816 0.005145 0.000010
0.000010 0.000010 0.999960 0.000010 0.000010
0.000010 0.000010 0.000010 0.000010 0.999960
0.999960 0.000010 0.000010 0.000010 0.000010
0.000010 0.000010 0.000010 0.801261 0.198709
0.994889 0.000016 0.000010 0.000010 0.005074
0.000010 0.000010 0.000010 0.999960 0.000010
0.000010 0.000010 0.000010 0.000010 0.999960
0.000010 0.999960 0.000010 0.000010 0.000010
0.533121 0.125972 0.340887 0.000010 0.000010
0.000010 0.360083 0.629437 0.000010 0.010460
0.998987 0.000010 0.000010 0.000010 0.000983
0.948353 0.051617 0.000010 0.000010 0.000010
0.364370 0.204943 0.426621 0.004056 0.000010
0.000010 0.000010 0.999960 0.000010 0.000010
0.000010 0.000010 0.000010 0.999960 0.000010
