0.729492 0.116835 0.153662 0.000010
0.996878 0.000010 0.000010 0.003102
0.598440 0.124543 0.273415 0.003601
0.000010 0.000010 0.999970 0.000010
0.000019 0.000010 0.000010 0.999961
0.000010 0.000010 0.000010 0.999970
0.765861 0.062198 0.171932 0.000010
0.727067 0.109283 0.163641 0.000010
0.618073 0.085972 0.289835 0.006120
0.968469 0.027463 0.000010 0.004059
0.999389 0.000010 0.000010 0.000591
0.712255 0.008330 0.279406 0.000010
0.621041 0.149707 0.229242 0.000010
0.937989 0.055084 0.000010 0.006917
0.808082 0.102164 0.089744 0.000010
0.999970 0.000010 0.000010 0.000010
0.000010 0.000010 0.000010 0.999970
0.989761 0.000010 0.000010 0.010219
0.743365 0.100927 0.155699 0.000010
0.000010 0.000010 0.000010 0.999970
0.000010 0.000010 0.000010 0.999970
0.000010 0.000010 0.999970 0.000010
0.000010 0.999970 0.000010 0.000010
0.713293 0.200606 0.083982 0.002119
0.791665 0.038919 0.167590 0.001826
0.000010 0.999970 0.000010 0.000010
0.000017 0.000010 0.000010 0.999963
0.999970 0.000010 0.000010 0.000010
0.000010 0.000010 0.000010 0.999970
0.964104 0.000010 0.023093 0.012793
0.000010 0.000010 0.000010 0.999970
0.000010 0.000010 0.000010 0.999970
0.000010 0.000010 0.999970 0.000010
0.717682 0.085001 0.197307 0.000010
0.289493 0.298581 0.408644 0.003282
0.993862 0.000010 0.000010 0.006118
0.936844 0.000010 0.063136 0.000010
0.521772 0.221040 0.256775 0.000412
0.645719 0.117537 0.226748 0.009996
0.000010 0.000010 0.000010 0.999970
