0.646960 0.000010 0.353030
0.999979 0.000011 0.000010
0.479918 0.001213 0.518868
0.000010 0.000010 0.999980
0.000010 0.999980 0.000010
0.000011 0.999979 0.000010
0.669623 0.000010 0.330367
0.641935 0.000010 0.358055
0.539678 0.004874 0.455448
0.998816 0.001174 0.000010
0.999980 0.000010 0.000010
0.614086 0.000010 0.385904
0.534055 0.000010 0.465935
0.997257 0.002733 0.000010
0.743317 0.000010 0.256673
0.999980 0.000010 0.000010
0.000010 0.999980 0.000010
0.989853 0.010137 0.000010
0.654912 0.000010 0.345078
0.000010 0.999980 0.000010
0.000016 0.999974 0.000010
0.000010 0.000010 0.999980
0.000010 0.000010 0.999980
0.648607 0.002859 0.348534
0.718513 0.001607 0.279880
0.315213 0.000010 0.684777
0.000014 0.999976 0.000010
0.999980 0.000010 0.000010
0.000010 0.999980 0.000010
0.991825 0.008165 0.000010
0.000010 0.999980 0.000010
0.000010 0.999980 0.000010
0.000010 0.000010 0.999980
0.642621 0.000010 0.357369
0.000010 0.000010 0.999980
0.996221 0.003769 0.000010
0.984636 0.000010 0.015354
0.452754 0.000010 0.547236
0.565208 0.012147 0.422645
0.000010 0.999980 0.000010
