0.772102 0.000010 0.000010 0.000010 0.055195 0.172673
0.878788 0.007055 0.000010 0.114127 0.000010 0.000010
0.630207 0.002811 0.000010 0.000010 0.143304 0.223658
0.000010 0.000010 0.000016 0.000010 0.999944 0.000010
0.000011 0.999947 0.000012 0.000010 0.000010 0.000010
0.000010 0.999950 0.000010 0.000010 0.000010 0.000010
0.679353 0.000010 0.003242 0.088150 0.078539 0.150707
0.777276 0.000010 0.000010 0.000010 0.037778 0.184916
0.631648 0.005917 0.007763 0.000010 0.168345 0.186317
0.864840 0.004558 0.000010 0.130572 0.000010 0.000010
0.000010 0.000010 0.000010 0.999950 0.000010 0.000010
0.732482 0.000010 0.000010 0.000010 0.100252 0.167236
0.520928 0.000010 0.007078 0.075251 0.112971 0.283763
0.872923 0.008414 0.052016 0.038112 0.000010 0.028525
0.740260 0.000010 0.047994 0.042545 0.043079 0.126112
0.999947 0.000013 0.000010 0.000010 0.000010 0.000010
0.000010 0.999947 0.000013 0.000010 0.000010 0.000010
0.000010 0.000010 0.000020 0.999940 0.000010 0.000010
0.620623 0.000010 0.031384 0.092165 0.067686 0.188132
0.000011 0.999948 0.000010 0.000011 0.000010 0.000010
0.000010 0.999950 0.000010 0.000010 0.000010 0.000010
0.000010 0.000010 0.000010 0.000010 0.999950 0.000010
0.000010 0.000010 0.000012 0.000010 0.000010 0.999948
0.786450 0.000010 0.000010 0.000010 0.000010 0.213510
0.884280 0.000509 0.000010 0.000010 0.079292 0.035899
0.000010 0.000010 0.000010 0.000010 0.000010 0.999950
0.000010 0.999950 0.000010 0.000010 0.000010 0.000010
0.000010 0.000010 0.000010 0.999950 0.000010 0.000010
0.000010 0.999949 0.000011 0.000010 0.000010 0.000010
0.000012 0.000010 0.999947 0.000010 0.000011 0.000010
0.000010 0.999948 0.000012 0.000010 0.000010 0.000010
0.000010 0.999943 0.000014 0.000014 0.000010 0.000010
0.000010 0.000010 0.000010 0.000010 0.476246 0.523714
0.582673 0.000010 0.101809 0.035583 0.082491 0.197433
0.000010 0.000010 0.000010 0.000010 0.000010 0.999950
0.806217 0.009939 0.064732 0.114535 0.004567 0.000010
0.537500 0.001357 0.094792 0.248514 0.064255 0.053582
0.373340 0.001934 0.014010 0.098139 0.140263 0.372313
0.655203 0.010936 0.000010 0.000010 0.113745 0.220096
0.000010 0.999950 0.000010 0.000010 0.000010 0.000010
