0.653805 0.000010 0.346175 0.000010
0.998043 0.001937 0.000010 0.000010
0.482053 0.000010 0.513552 0.004385
0.000010 0.000010 0.999970 0.000010
0.000010 0.000010 0.000010 0.999970
0.000010 0.743887 0.000010 0.256093
0.661349 0.000010 0.338631 0.000010
0.665885 0.000010 0.334095 0.000010
0.550686 0.008766 0.440539 0.000010
0.997146 0.000010 0.000010 0.002834
0.999970 0.000010 0.000010 0.000010
0.613001 0.000010 0.386979 0.000010
0.539820 0.000010 0.460160 0.000010
0.993013 0.006967 0.000010 0.000010
0.753770 0.000010 0.246210 0.000010
0.999970 0.000010 0.000010 0.000010
0.000010 0.000010 0.000010 0.999970
0.989941 0.000010 0.000010 0.010039
0.664086 0.000010 0.335894 0.000010
0.000010 0.999970 0.000010 0.000010
0.000010 0.999970 0.000010 0.000010
0.000010 0.000010 0.999970 0.000010
0.000010 0.000010 0.999970 0.000010
0.665123 0.003340 0.331528 0.000010
0.720900 0.003109 0.275981 0.000010
0.325004 0.000016 0.674969 0.000010
0.000010 0.000010 0.000010 0.999970
0.999970 0.000010 0.000010 0.000010
0.000010 0.801268 0.000010 0.198712
0.988335 0.000010 0.000010 0.011645
0.000010 0.999970 0.000010 0.000010
0.000010 0.000010 0.000010 0.999970
0.000010 0.000010 0.999970 0.000010
0.637578 0.000010 0.362402 0.000010
0.000010 0.000010 0.999970 0.000010
0.995460 0.000010 0.000010 0.004520
0.919570 0.000012 0.080409 0.000010
0.437252 0.001562 0.561176 0.000010
0.554415 0.000010 0.433638 0.011937
0.000010 0.999970 0.000010 0.000010
