0.069652 0.843286 0.000010 0.000010 0.087031 0.000010
0.000010 0.734233 0.010044 0.000010 0.000010 0.255693
0.104897 0.666416 0.003381 0.000013 0.225282 0.000010
0.000010 0.000010 0.000010 0.000010 0.999950 0.000010
0.000010 0.000012 0.000010 0.999948 0.000010 0.000010
0.000010 0.000015 0.734494 0.265461 0.000010 0.000010
0.026481 0.671466 0.000010 0.000010 0.149569 0.152465
0.079503 0.795443 0.000010 0.000010 0.125023 0.000010
0.059619 0.650215 0.009797 0.000010 0.280348 0.000010
0.026051 0.757891 0.000010 0.007244 0.000010 0.208794
0.000010 0.000010 0.000010 0.000010 0.000010 0.999950
0.000010 0.768423 0.000010 0.000010 0.231537 0.000010
0.137616 0.493173 0.000010 0.000010 0.216886 0.152306
0.032565 0.773899 0.011177 0.000010 0.000010 0.182339
0.071315 0.727011 0.000010 0.000010 0.060490 0.141163
0.000010 0.999696 0.000010 0.000264 0.000010 0.000010
0.000010 0.000015 0.000010 0.999945 0.000010 0.000010
0.000010 0.000010 0.000010 0.000010 0.000010 0.999950
0.089437 0.583984 0.000010 0.000010 0.142134 0.184424
0.000010 0.000010 0.999950 0.000010 0.000010 0.000010
0.000010 0.000019 0.999941 0.000010 0.000010 0.000010
0.000010 0.000010 0.000010 0.000010 0.999950 0.000010
0.999950 0.000010 0.000010 0.000010 0.000010 0.000010
0.175785 0.824175 0.000010 0.000010 0.000010 0.000010
0.000010 0.880376 0.003948 0.000010 0.115645 0.000010
0.999950 0.000010 0.000010 0.000010 0.000010 0.000010
0.000010 0.000010 0.000010 0.999950 0.000010 0.000010
0.000010 0.000010 0.000010 0.000010 0.000010 0.999950
0.000010 0.000010 0.792079 0.207881 0.000010 0.000010
0.000010 0.000010 0.000010 0.000010 0.000010 0.999950
0.000010 0.000010 0.999950 0.000010 0.000010 0.000010
0.000012 0.000017 0.000010 0.999941 0.000010 0.000010
0.000010 0.000010 0.000010 0.000010 0.999950 0.000010
0.058782 0.578366 0.000010 0.000010 0.168874 0.193958
0.270279 0.214602 0.000010 0.008725 0.427397 0.078986
0.000010 0.737852 0.000010 0.013135 0.000010 0.248983
0.000010 0.454627 0.005637 0.000010 0.061899 0.477817
0.201417 0.355039 0.001178 0.000010 0.243273 0.199082
0.091178 0.690566 0.000010 0.014862 0.203375 0.000010
0.000010 0.000010 0.999950 0.000010 0.000010 0.000010
