0.651688 0.000010 0.275590 0.072703 0.000010
0.997541 0.000010 0.000010 0.000010 0.002429
0.501791 0.000010 0.370602 0.122159 0.005438
0.000010 0.000010 0.999960 0.000010 0.000010
0.000010 0.999960 0.000010 0.000010 0.000010
0.000010 0.256105 0.000010 0.000010 0.743865
0.692815 0.000010 0.212072 0.095093 0.000010
0.659438 0.000010 0.248750 0.091792 0.000010
0.571407 0.000010 0.229568 0.190026 0.008988
0.996762 0.000010 0.000010 0.000010 0.003208
0.999960 0.000010 0.000010 0.000010 0.000010
0.705973 0.000010 0.000010 0.293997 0.000010
0.554030 0.000010 0.295039 0.150911 0.000010
0.960107 0.000010 0.000010 0.031831 0.008041
0.735174 0.000010 0.264796 0.000010 0.000010
0.999960 0.000010 0.000010 0.000010 0.000010
0.000010 0.999960 0.000010 0.000010 0.000010
0.990096 0.009865 0.000010 0.000020 0.000010
0.681323 0.000010 0.208808 0.109849 0.000010
0.000010 0.000010 0.000010 0.000010 0.999960
0.000010 0.000010 0.000010 0.000010 0.999960
0.000010 0.000010 0.712404 0.287566 0.000010
0.000010 0.000010 0.999960 0.000010 0.000010
0.613750 0.000010 0.384910 0.000010 0.001320
0.717629 0.000010 0.215057 0.064006 0.003299
0.000010 0.000010 0.999960 0.000010 0.000010
0.000010 0.999960 0.000010 0.000010 0.000010
0.844963 0.000010 0.000010 0.155007 0.000010
0.000010 0.198764 0.000010 0.000010 0.801206
0.988793 0.011177 0.000010 0.000010 0.000010
0.000010 0.000010 0.000010 0.000010 0.999960
0.000010 0.999960 0.000010 0.000010 0.000010
0.000010 0.000010 0.000010 0.999960 0.000010
0.640094 0.000010 0.230960 0.128926 0.000010
0.000010 0.000010 0.000010 0.999960 0.000010
0.994848 0.005122 0.000010 0.000010 0.000010
0.935226 0.000010 0.000010 0.064744 0.000010
0.436161 0.000010 0.413580 0.148306 0.001943
0.540478 0.012383 0.361185 0.085945 0.000010
0.000010 0.000010 0.000010 0.000010 0.999960
