0.739656 0.201426 0.000010 0.058888 0.000010 0.000010
0.907193 0.000010 0.000010 0.000010 0.084930 0.007847
0.611387 0.241681 0.003375 0.143537 0.000010 0.000010
0.000010 0.000010 0.000019 0.999941 0.000010 0.000010
0.000010 0.000010 0.999950 0.000010 0.000010 0.000010
0.000010 0.000010 0.256128 0.000010 0.000010 0.743832
0.670721 0.169508 0.000010 0.078309 0.081442 0.000010
0.741291 0.212094 0.000010 0.046585 0.000010 0.000010
0.618841 0.202781 0.000010 0.169208 0.000010 0.009150
0.862242 0.000010 0.006171 0.000010 0.131557 0.000010
0.000010 0.000010 0.000010 0.000010 0.999950 0.000010
0.703441 0.193092 0.000010 0.102936 0.000511 0.000010
0.517343 0.291289 0.000010 0.113712 0.077637 0.000010
0.879448 0.043732 0.000010 0.000010 0.065805 0.010995
0.735986 0.139873 0.000010 0.049160 0.074960 0.000010
0.999950 0.000010 0.000010 0.000010 0.000010 0.000010
0.000010 0.000010 0.999950 0.000010 0.000010 0.000010
0.000010 0.000010 0.000010 0.000010 0.999950 0.000010
0.636604 0.200630 0.000010 0.070017 0.092729 0.000010
0.000010 0.000010 0.000010 0.000010 0.000010 0.999950
0.000010 0.000010 0.000010 0.000010 0.000010 0.999950
0.000010 0.000010 0.000010 0.999950 0.000010 0.000010
0.000010 0.999950 0.000010 0.000010 0.000010 0.000010
0.773147 0.226813 0.000010 0.000010 0.000010 0.000010
0.831292 0.084824 0.000010 0.080559 0.000010 0.003305
0.000010 0.999950 0.000010 0.000010 0.000010 0.000010
0.000010 0.000010 0.999950 0.000010 0.000010 0.000010
0.999950 0.000010 0.000010 0.000010 0.000010 0.000010
0.000010 0.000010 0.198615 0.000011 0.000010 0.801344
0.579929 0.000010 0.017082 0.070174 0.332794 0.000010
0.000010 0.000010 0.000010 0.000010 0.000010 0.999950
0.000010 0.000010 0.999950 0.000010 0.000010 0.000010
0.000010 0.529367 0.000010 0.470593 0.000010 0.000010
0.660275 0.199667 0.000010 0.083579 0.056459 0.000010
0.000010 0.999950 0.000010 0.000010 0.000010 0.000010
0.841049 0.000010 0.010848 0.008992 0.139090 0.000010
0.602028 0.040716 0.000010 0.071355 0.282995 0.002896
0.380377 0.380126 0.000010 0.141071 0.094722 0.003693
0.640480 0.233070 0.011991 0.114439 0.000010 0.000010
0.000010 0.000010 0.000010 0.000010 0.000010 0.999950
