0.000010 0.792484 0.207506
0.007395 0.992595 0.000010
0.003978 0.658335 0.337687
0.000010 0.000010 0.999980
0.999980 0.000010 0.000010
0.999980 0.000010 0.000010
0.000010 0.794766 0.205224
0.000010 0.787668 0.212322
0.006764 0.662227 0.331009
0.007034 0.992956 0.000010
0.005905 0.994085 0.000010
0.000010 0.710952 0.289038
0.000010 0.695266 0.304724
0.007901 0.992089 0.000010
0.000010 0.868533 0.131457
0.002079 0.997911 0.000010
0.999980 0.000010 0.000010
0.013152 0.986838 0.000010
0.000010 0.794406 0.205584
0.999980 0.000010 0.000010
0.999980 0.000010 0.000010
0.000010 0.000010 0.999980
0.000010 0.587144 0.412846
0.001360 0.826780 0.171859
0.003436 0.807290 0.189274
0.000010 0.692310 0.307680
0.999980 0.000010 0.000010
0.000010 0.999980 0.000010
0.999980 0.000010 0.000010
0.016827 0.972341 0.010832
0.999980 0.000010 0.000010
0.999980 0.000010 0.000010
0.000010 0.000010 0.999980
0.000010 0.759147 0.240843
0.000010 0.450867 0.549123
0.009431 0.990559 0.000010
0.001181 0.951712 0.047107
0.000010 0.641098 0.358892
0.010094 0.709101 0.280805
0.999980 0.000010 0.000010
