0.000010 0.157412 0.000010 0.842548 0.000010 0.000010
0.000010 0.999950 0.000010 0.000010 0.000010 0.000010
0.000010 0.028719 0.000010 0.819665 0.008837 0.142759
0.000010 0.000010 0.000010 0.000010 0.000010 0.999950
0.000010 0.000010 0.999950 0.000010 0.000010 0.000010
0.000010 0.000010 0.265434 0.000010 0.734526 0.000010
0.265291 0.045308 0.000010 0.638750 0.000010 0.050631
0.000010 0.149152 0.000010 0.836383 0.000010 0.014436
0.099541 0.125902 0.000010 0.543398 0.012192 0.218957
0.294352 0.204017 0.012776 0.488834 0.000010 0.000010
0.999950 0.000010 0.000010 0.000010 0.000010 0.000010
0.125155 0.110969 0.000010 0.613638 0.003011 0.147216
0.222880 0.000010 0.000010 0.623779 0.000010 0.153311
0.249651 0.287761 0.000010 0.447554 0.015015 0.000010
0.216901 0.129168 0.000010 0.653901 0.000010 0.000010
0.000010 0.999950 0.000010 0.000010 0.000010 0.000010
0.000010 0.000010 0.999943 0.000010 0.000017 0.000010
0.999950 0.000010 0.000010 0.000010 0.000010 0.000010
0.272988 0.076104 0.000010 0.571853 0.000010 0.079034
0.000010 0.000010 0.000010 0.000010 0.999950 0.000010
0.000010 0.000010 0.000010 0.000010 0.999950 0.000010
0.000010 0.000010 0.000010 0.000010 0.000010 0.999950
0.000010 0.000010 0.000010 0.926740 0.000010 0.073220
0.000010 0.000010 0.000010 0.999950 0.000010 0.000010
0.128963 0.140945 0.000010 0.682769 0.010192 0.037121
0.000010 0.000010 0.000010 0.999950 0.000010 0.000010
0.000010 0.000010 0.999950 0.000010 0.000010 0.000010
0.999950 0.000010 0.000010 0.000010 0.000010 0.000010
0.000010 0.000010 0.207929 0.000010 0.792031 0.000010
0.999950 0.000010 0.000010 0.000010 0.000010 0.000010
0.000010 0.000010 0.000015 0.000010 0.999945 0.000010
0.000010 0.000010 0.999942 0.000010 0.000018 0.000010
0.000015 0.000019 0.000010 0.000011 0.000010 0.999935
0.288896 0.000010 0.000010 0.656794 0.000010 0.054281
0.000010 0.000010 0.007258 0.640202 0.000010 0.352510
0.363728 0.249100 0.015904 0.371249 0.000010 0.000010
0.999950 0.000010 0.000010 0.000010 0.000010 0.000010
0.248549 0.000010 0.000010 0.553585 0.000010 0.197836
0.096956 0.000010 0.017416 0.791514 0.000010 0.094094
0.000010 0.000010 0.000010 0.000010 0.999950 0.000010
