0.000010 0.794022 0.205968
0.006705 0.993285 0.000010
0.001722 0.654557 0.343721
0.000010 0.000010 0.999980
0.999980 0.000010 0.000010
0.999980 0.000010 0.000010
0.000010 0.797306 0.202684
0.000010 0.768084 0.231906
0.006206 0.654363 0.339431
0.006052 0.993938 0.000010
0.002652 0.997338 0.000010
0.000010 0.710709 0.289281
0.000010 0.691671 0.308319
0.006824 0.993166 0.000010
0.000010 0.861888 0.138102
0.003569 0.996421 0.000010
0.999980 0.000010 0.000010
0.013987 0.986003 0.000010
0.000010 0.790787 0.209203
0.999980 0.000010 0.000010
0.999980 0.000010 0.000010
0.000010 0.000010 0.999980
0.000010 0.585966 0.414024
0.002268 0.815415 0.182317
0.003986 0.806914 0.189100
0.000010 0.684648 0.315342
0.999980 0.000010 0.000010
0.000119 0.999871 0.000010
0.999980 0.000010 0.000010
0.014909 0.983222 0.001869
0.999980 0.000010 0.000010
0.999980 0.000010 0.000010
0.000010 0.000010 0.999980
0.000010 0.765550 0.234440
0.004311 0.431884 0.563805
0.010645 0.989345 0.000010
0.003322 0.973561 0.023117
0.000010 0.646919 0.353071
0.012552 0.708414 0.279034
0.999980 0.000010 0.000010
