0.000010 0.000010 0.134190 0.779835 0.085955
0.004449 0.009282 0.000010 0.986249 0.000010
0.002860 0.000010 0.258700 0.636012 0.102418
0.000010 0.000010 0.999960 0.000010 0.000010
0.999960 0.000010 0.000010 0.000010 0.000010
0.999960 0.000010 0.000010 0.000010 0.000010
0.000010 0.000372 0.163846 0.806688 0.029084
0.000010 0.000010 0.140748 0.779221 0.080010
0.005407 0.000010 0.286327 0.646192 0.062063
0.002540 0.000397 0.000010 0.997043 0.000010
0.005823 0.170556 0.000010 0.823602 0.000010
0.000010 0.000010 0.250199 0.749771 0.000010
0.000010 0.014815 0.224914 0.624585 0.135676
0.006150 0.022405 0.000010 0.955231 0.016204
0.000010 0.033784 0.084320 0.799673 0.082213
0.000010 0.000010 0.000010 0.999960 0.000010
0.999960 0.000010 0.000010 0.000010 0.000010
0.013251 0.183630 0.000010 0.793217 0.009892
0.000010 0.027044 0.149925 0.738176 0.084845
0.999960 0.000010 0.000010 0.000010 0.000010
0.999960 0.000010 0.000010 0.000010 0.000010
0.000010 0.000010 0.999960 0.000010 0.000010
0.000010 0.000010 0.000010 0.000010 0.999960
0.000843 0.000010 0.065995 0.756944 0.176208
0.001467 0.000010 0.158780 0.839733 0.000010
0.000010 0.000011 0.000010 0.000010 0.999959
0.999960 0.000010 0.000010 0.000010 0.000010
0.000010 0.999960 0.000010 0.000010 0.000010
0.999960 0.000010 0.000010 0.000010 0.000010
0.000010 0.999960 0.000010 0.000010 0.000010
0.999952 0.000018 0.000010 0.000010 0.000010
0.999953 0.000010 0.000017 0.000010 0.000010
0.000010 0.000010 0.999960 0.000010 0.000010
0.000010 0.075438 0.191370 0.658438 0.074744
0.001701 0.000010 0.400938 0.311024 0.286327
0.008677 0.062730 0.000010 0.928573 0.000010
0.000439 0.127379 0.079171 0.793000 0.000010
0.000856 0.025093 0.250993 0.511541 0.211517
0.010102 0.000010 0.209537 0.680770 0.099581
0.999950 0.000010 0.000018 0.000012 0.000010
