0.000010 0.180740 0.791259 0.000010 0.027972 0.000010
0.255409 0.000010 0.735446 0.009115 0.000010 0.000010
0.000010 0.248076 0.614591 0.003102 0.134211 0.000010
0.000010 0.000010 0.000010 0.000010 0.999950 0.000010
0.000010 0.000010 0.000010 0.000010 0.000010 0.999950
0.000010 0.000010 0.000010 0.734536 0.000010 0.265424
0.149836 0.152808 0.622300 0.000010 0.075037 0.000010
0.000010 0.205295 0.760803 0.000010 0.033871 0.000010
0.000010 0.211667 0.615437 0.009686 0.163190 0.000010
0.216954 0.000223 0.775644 0.000010 0.000010 0.007159
0.999950 0.000010 0.000010 0.000010 0.000010 0.000010
0.000010 0.196855 0.722436 0.000010 0.080679 0.000010
0.147216 0.295941 0.450742 0.000010 0.106080 0.000010
0.184009 0.056418 0.748265 0.011288 0.000010 0.000010
0.136518 0.120222 0.697010 0.000010 0.046230 0.000010
0.000010 0.000010 0.999950 0.000010 0.000010 0.000010
0.000010 0.000010 0.000010 0.000010 0.000010 0.999950
0.999949 0.000010 0.000010 0.000010 0.000011 0.000010
0.182200 0.205829 0.547642 0.000010 0.064309 0.000010
0.000010 0.000010 0.000010 0.999950 0.000010 0.000010
0.000010 0.000010 0.000010 0.999950 0.000010 0.000010
0.000010 0.000010 0.000010 0.000010 0.999950 0.000010
0.000010 0.999950 0.000010 0.000010 0.000010 0.000010
0.000010 0.237837 0.761720 0.000414 0.000010 0.000010
0.000010 0.082036 0.858426 0.003763 0.055755 0.000010
0.000010 0.999950 0.000010 0.000010 0.000010 0.000010
0.000010 0.000010 0.000010 0.000010 0.000010 0.999950
0.999945 0.000010 0.000010 0.000015 0.000010 0.000010
0.000010 0.000010 0.000010 0.792115 0.000010 0.207845
0.999950 0.000010 0.000010 0.000010 0.000010 0.000010
0.000010 0.000010 0.000010 0.999950 0.000010 0.000010
0.000010 0.000010 0.000010 0.000010 0.000010 0.999950
0.000010 0.545789 0.000010 0.000010 0.454171 0.000010
0.192592 0.195441 0.537071 0.000010 0.074875 0.000010
0.000010 0.999950 0.000010 0.000010 0.000010 0.000010
0.246474 0.000010 0.736042 0.000010 0.005054 0.012410
0.478400 0.030471 0.447047 0.005706 0.038367 0.000010
0.190252 0.378450 0.304739 0.001117 0.125431 0.000010
0.000010 0.228667 0.639545 0.000010 0.116565 0.015203
0.000010 0.000010 0.000010 0.999950 0.000010 0.000010
