0.353031 0.646959 0.000010
0.000010 0.999980 0.000010
0.518870 0.479917 0.001213
0.999980 0.000010 0.000010
0.000018 0.000010 0.999972
0.000015 0.000010 0.999975
0.330370 0.669620 0.000010
0.358056 0.641934 0.000010
0.455449 0.539677 0.004874
0.000010 0.998816 0.001174
0.000010 0.999980 0.000010
0.385905 0.614085 0.000010
0.465937 0.534053 0.000010
0.000010 0.997257 0.002733
0.256674 0.743316 0.000010
0.000010 0.999980 0.000010
0.000010 0.000010 0.999980
0.000010 0.989853 0.010137
0.345079 0.654911 0.000010
0.000010 0.000010 0.999980
0.000010 0.000010 0.999980
0.999980 0.000010 0.000010
0.999980 0.000010 0.000010
0.348536 0.648606 0.002859
0.279882 0.718511 0.001607
0.684778 0.315212 0.000010
0.000014 0.000010 0.999976
0.000010 0.999980 0.000010
0.000018 0.000010 0.999972
0.000010 0.991824 0.008166
0.000013 0.000010 0.999977
0.000010 0.000010 0.999980
0.999980 0.000010 0.000010
0.357370 0.642620 0.000010
0.999980 0.000010 0.000010
0.000010 0.996220 0.003770
0.015384 0.984606 0.000010
0.547239 0.452751 0.000010
0.422646 0.565207 0.012147
0.000014 0.000010 0.999976
