0.000011 0.346054 0.653925 0.000010
0.000010 0.000010 0.997798 0.002182
0.004406 0.513413 0.482171 0.000010
0.000010 0.999970 0.000010 0.000010
0.999970 0.000010 0.000010 0.000010
0.256070 0.000010 0.000010 0.743910
0.000010 0.338493 0.661487 0.000010
0.000010 0.333978 0.666002 0.000010
0.000010 0.440460 0.550656 0.008874
0.000010 0.000010 0.996066 0.003914
0.000010 0.000010 0.999970 0.000010
0.000010 0.386887 0.613093 0.000010
0.000010 0.460062 0.539918 0.000010
0.000010 0.000010 0.993179 0.006801
0.000010 0.246119 0.753861 0.000010
0.000010 0.000010 0.999970 0.000010
0.999970 0.000010 0.000010 0.000010
0.010090 0.000010 0.989890 0.000010
0.000010 0.335820 0.664160 0.000010
0.000010 0.000010 0.000010 0.999970
0.000011 0.000010 0.000010 0.999969
0.000010 0.999970 0.000010 0.000010
0.000010 0.999970 0.000010 0.000010
0.002540 0.331634 0.665816 0.000010
0.000010 0.275856 0.720871 0.003262
0.000010 0.674888 0.325092 0.000010
0.999970 0.000010 0.000010 0.000010
0.000010 0.000010 0.999970 0.000010
0.198735 0.000010 0.000010 0.801245
0.011738 0.000010 0.988242 0.000010
0.000010 0.000010 0.000010 0.999970
0.999970 0.000010 0.000010 0.000010
0.000010 0.999970 0.000010 0.000010
0.000010 0.362247 0.637733 0.000010
0.000010 0.999970 0.000010 0.000010
0.004564 0.000010 0.995416 0.000010
0.000010 0.080209 0.919771 0.000010
0.000010 0.561173 0.437537 0.001280
0.011888 0.433552 0.554550 0.000010
0.000010 0.000010 0.000010 0.999970
