0.000010 0.000010 0.641364 0.297143 0.061473
0.000010 0.000553 0.999417 0.000010 0.000010
0.000010 0.005736 0.511658 0.338686 0.143910
0.000010 0.000010 0.000010 0.000010 0.999960
0.999960 0.000010 0.000010 0.000010 0.000010
0.256100 0.743870 0.000010 0.000010 0.000010
0.000010 0.000010 0.677524 0.249128 0.073328
0.000010 0.000010 0.645825 0.300131 0.054024
0.000010 0.008939 0.553589 0.274998 0.162464
0.000014 0.002312 0.997654 0.000010 0.000010
0.000011 0.000010 0.999959 0.000010 0.000010
0.000010 0.000010 0.617948 0.287124 0.094908
0.000010 0.000010 0.544865 0.348957 0.106158
0.000010 0.010087 0.881903 0.107990 0.000010
0.000010 0.000010 0.750089 0.201093 0.048797
0.000010 0.000010 0.999960 0.000010 0.000010
0.999960 0.000010 0.000010 0.000010 0.000010
0.009880 0.000010 0.990090 0.000010 0.000010
0.000010 0.000010 0.676695 0.264346 0.058939
0.000010 0.999960 0.000010 0.000010 0.000010
0.000010 0.999960 0.000010 0.000010 0.000010
0.000010 0.000010 0.000010 0.000010 0.999960
0.000010 0.000010 0.000010 0.999960 0.000010
0.000010 0.004480 0.641218 0.325779 0.028513
0.000010 0.003609 0.721759 0.192264 0.082358
0.000010 0.000010 0.000010 0.999960 0.000010
0.999960 0.000010 0.000010 0.000010 0.000010
0.000010 0.000010 0.999960 0.000010 0.000010
0.198786 0.801178 0.000010 0.000016 0.000010
0.010557 0.000010 0.945292 0.000010 0.044131
0.000010 0.999960 0.000010 0.000010 0.000010
0.999960 0.000010 0.000010 0.000010 0.000010
0.000010 0.000010 0.000010 0.561582 0.438388
0.000010 0.000010 0.621533 0.301731 0.076716
0.000010 0.000010 0.000010 0.999960 0.000010
0.004592 0.000010 0.995378 0.000010 0.000010
0.000010 0.000010 0.946576 0.000010 0.053394
0.000010 0.003135 0.439963 0.421689 0.135203
0.012902 0.000010 0.549430 0.325084 0.112574
0.000010 0.999960 0.000010 0.000010 0.000010
