0.000010 0.292737 0.707253
0.001987 0.000010 0.998003
0.000946 0.440535 0.558519
0.000010 0.999980 0.000010
0.999980 0.000010 0.000010
0.999978 0.000012 0.000010
0.000010 0.276834 0.723156
0.000010 0.305481 0.694509
0.005180 0.407095 0.587724
0.002192 0.000010 0.997798
0.000017 0.000010 0.999973
0.000010 0.360381 0.639609
0.000010 0.397647 0.602343
0.003393 0.000010 0.996597
0.000010 0.201634 0.798356
0.000010 0.000010 0.999980
0.999980 0.000010 0.000010
0.010928 0.000010 0.989062
0.000010 0.284569 0.715421
0.999980 0.000010 0.000010
0.999980 0.000010 0.000010
0.000010 0.999980 0.000010
0.000010 0.579805 0.420185
0.001675 0.265638 0.732687
0.002136 0.244514 0.753351
0.000010 0.467116 0.532874
0.999980 0.000010 0.000010
0.000010 0.000010 0.999980
0.999980 0.000010 0.000010
0.010273 0.000010 0.989717
0.999980 0.000010 0.000010
0.999980 0.000010 0.000010
0.000010 0.999980 0.000010
0.000010 0.304642 0.695348
0.000010 0.999980 0.000010
0.006080 0.000010 0.993910
0.000181 0.044668 0.955151
0.000010 0.462479 0.537511
0.012235 0.363890 0.623875
0.999980 0.000010 0.000010
