0.000010 0.306036 0.057681 0.000010 0.636263
0.000010 0.000010 0.000010 0.000010 0.999960
0.000010 0.347994 0.139020 0.004161 0.508816
0.000010 0.000010 0.999960 0.000010 0.000010
0.999960 0.000010 0.000010 0.000010 0.000010
0.265480 0.000010 0.000010 0.734490 0.000010
0.000010 0.235495 0.076084 0.000010 0.688401
0.000010 0.325490 0.057781 0.000010 0.616708
0.000010 0.292263 0.159386 0.008828 0.539512
0.003161 0.029360 0.000010 0.000010 0.967459
0.000010 0.000010 0.000010 0.000010 0.999960
0.000010 0.305004 0.081319 0.000010 0.613657
0.000010 0.357748 0.104310 0.000010 0.537922
0.000010 0.099150 0.000010 0.008759 0.892071
0.000010 0.208972 0.050312 0.000010 0.740696
0.000010 0.000010 0.000010 0.000010 0.999960
0.999960 0.000010 0.000010 0.000010 0.000010
0.011713 0.000010 0.000010 0.000010 0.988257
0.000010 0.274767 0.057169 0.000010 0.668044
0.000010 0.000010 0.000010 0.999960 0.000010
0.000010 0.000010 0.000010 0.999960 0.000010
0.000010 0.000010 0.999960 0.000010 0.000010
0.000010 0.999960 0.000010 0.000010 0.000010
0.000010 0.344628 0.026877 0.005730 0.622755
0.000010 0.212253 0.071152 0.004105 0.712480
0.000010 0.999960 0.000010 0.000010 0.000010
0.999960 0.000010 0.000010 0.000010 0.000010
0.000010 0.000010 0.000010 0.000010 0.999960
0.207871 0.000010 0.000010 0.792099 0.000010
0.007818 0.000010 0.028595 0.000010 0.963567
0.000010 0.000010 0.000010 0.999960 0.000010
0.999960 0.000010 0.000010 0.000010 0.000010
0.000010 0.583659 0.416311 0.000010 0.000010
0.000010 0.279773 0.075441 0.000010 0.644766
0.000010 0.999960 0.000010 0.000010 0.000010
0.005424 0.000010 0.000010 0.000010 0.994546
0.000010 0.000010 0.029055 0.000010 0.970915
0.000010 0.423067 0.121459 0.000965 0.454498
0.013676 0.310124 0.114028 0.000010 0.562162
0.000010 0.000010 0.000010 0.999960 0.000010
