0.207459 0.792531 0.000010
0.000010 0.992591 0.007399
0.337639 0.658383 0.003978
0.999980 0.000010 0.000010
0.000010 0.000010 0.999980
0.000010 0.000010 0.999980
0.205180 0.794810 0.000010
0.212278 0.787712 0.000010
0.330974 0.662262 0.006764
0.000010 0.992953 0.007037
0.000010 0.994081 0.005909
0.289001 0.710989 0.000010
0.304680 0.695310 0.000010
0.000010 0.992086 0.007904
0.131417 0.868573 0.000010
0.000010 0.997907 0.002083
0.000010 0.000010 0.999980
0.000010 0.986835 0.013155
0.205543 0.794447 0.000010
0.000010 0.000010 0.999980
0.000010 0.000010 0.999980
0.999980 0.000010 0.000010
0.412784 0.587206 0.000010
0.171810 0.826829 0.001361
0.189237 0.807326 0.003437
0.307619 0.692371 0.000010
0.000010 0.000010 0.999980
0.000010 0.999980 0.000010
0.000010 0.000010 0.999980
0.010840 0.972330 0.016830
0.000010 0.000010 0.999980
0.000010 0.000010 0.999980
0.999980 0.000010 0.000010
0.240794 0.759196 0.000010
0.549064 0.450926 0.000010
0.000010 0.990556 0.009434
0.047101 0.951715 0.001184
0.358844 0.641146 0.000010
0.280758 0.709148 0.010094
0.000010 0.000010 0.999980
