0.000010 0.065198 0.000010 0.139388 0.795384 0.000010
0.009819 0.000010 0.000010 0.000010 0.720022 0.270129
0.000010 0.159751 0.003641 0.216236 0.620352 0.000010
0.000010 0.999950 0.000010 0.000010 0.000010 0.000010
0.000010 0.000010 0.999950 0.000010 0.000010 0.000010
0.743963 0.000010 0.255997 0.000010 0.000010 0.000010
0.000010 0.113213 0.000010 0.127822 0.586510 0.172435
0.000010 0.059973 0.000010 0.161115 0.778883 0.000010
0.009743 0.195428 0.000010 0.169784 0.625026 0.000010
0.000010 0.000010 0.006369 0.000010 0.740468 0.253134
0.000010 0.000010 0.000010 0.000010 0.000010 0.999950
0.000010 0.121855 0.000010 0.148013 0.730102 0.000010
0.000010 0.135684 0.000010 0.261138 0.437891 0.165268
0.010004 0.000010 0.000010 0.032010 0.745012 0.212954
0.000010 0.062270 0.000010 0.106129 0.677224 0.154357
0.000010 0.000010 0.000010 0.000010 0.999950 0.000010
0.000010 0.000010 0.999950 0.000010 0.000010 0.000010
0.000010 0.000010 0.000010 0.000010 0.000010 0.999950
0.000010 0.107368 0.000010 0.162866 0.518507 0.211240
0.999950 0.000010 0.000010 0.000010 0.000010 0.000010
0.999950 0.000010 0.000010 0.000010 0.000010 0.000010
0.000018 0.999942 0.000010 0.000010 0.000010 0.000010
0.000010 0.000010 0.000010 0.999950 0.000010 0.000010
0.000014 0.000010 0.000010 0.206161 0.793795 0.000010
0.000010 0.064795 0.000010 0.000010 0.935165 0.000010
0.000013 0.000010 0.000010 0.999947 0.000010 0.000010
0.000010 0.000010 0.999950 0.000010 0.000010 0.000010
0.000010 0.999950 0.000010 0.000010 0.000010 0.000010
0.801382 0.000010 0.198578 0.000010 0.000010 0.000010
0.000010 0.000010 0.000010 0.000010 0.000010 0.999950
0.999950 0.000010 0.000010 0.000010 0.000010 0.000010
0.000010 0.000010 0.999950 0.000010 0.000010 0.000010
0.000010 0.511838 0.000010 0.488122 0.000010 0.000010
0.000010 0.999950 0.000010 0.000010 0.000010 0.000010
0.000010 0.000010 0.000010 0.999950 0.000010 0.000010
0.000010 0.000010 0.010188 0.000010 0.677151 0.312631
0.000010 0.000010 0.000010 0.000010 0.000010 0.999950
0.001916 0.161445 0.000010 0.353375 0.288453 0.194800
0.000010 0.159601 0.013364 0.191908 0.635107 0.000010
0.999950 0.000010 0.000010 0.000010 0.000010 0.000010
