0.000010 0.294266 0.061849 0.000010 0.643855 0.000010
0.000010 0.000010 0.000010 0.000010 0.995370 0.004590
0.006549 0.336382 0.144437 0.000010 0.512613 0.000010
0.000010 0.000010 0.999950 0.000010 0.000010 0.000010
0.999950 0.000010 0.000010 0.000010 0.000010 0.000010
0.000010 0.000010 0.000010 0.999950 0.000010 0.000010
0.000010 0.246220 0.073822 0.000010 0.679928 0.000010
0.000013 0.296127 0.054479 0.000010 0.649361 0.000010
0.000010 0.272588 0.162964 0.000010 0.554137 0.010292
0.000010 0.000010 0.000010 0.000010 0.993289 0.006671
0.000010 0.000010 0.000010 0.000010 0.999493 0.000467
0.000010 0.283961 0.095571 0.000010 0.620438 0.000010
0.000010 0.347004 0.106566 0.000011 0.546399 0.000010
0.000010 0.107435 0.000010 0.000010 0.879161 0.013374
0.000010 0.199425 0.049178 0.000010 0.751367 0.000010
0.000010 0.000010 0.000010 0.000010 0.999950 0.000010
0.999944 0.000010 0.000010 0.000016 0.000010 0.000010
0.014494 0.000010 0.000010 0.000010 0.985466 0.000010
0.000010 0.262311 0.059465 0.000010 0.678194 0.000010
0.000010 0.000010 0.000010 0.000010 0.000010 0.999950
0.000010 0.000010 0.000010 0.000010 0.000010 0.999950
0.000010 0.000010 0.999950 0.000010 0.000010 0.000010
0.000010 0.999950 0.000010 0.000010 0.000010 0.000010
0.000010 0.323195 0.028896 0.000010 0.640296 0.007593
0.000010 0.189976 0.082599 0.000010 0.721804 0.005602
0.000010 0.999950 0.000010 0.000010 0.000010 0.000010
0.999950 0.000010 0.000010 0.000010 0.000010 0.000010
0.000010 0.000010 0.000010 0.000010 0.999950 0.000010
0.000010 0.000010 0.000010 0.999950 0.000010 0.000010
0.000010 0.000010 0.045500 0.024017 0.930453 0.000010
0.000010 0.000010 0.000010 0.000010 0.000010 0.999950
0.999950 0.000010 0.000010 0.000010 0.000010 0.000010
0.000010 0.560524 0.439436 0.000010 0.000010 0.000010
0.000010 0.298074 0.077346 0.000010 0.624550 0.000010
0.000010 0.999950 0.000010 0.000010 0.000010 0.000010
0.008024 0.000010 0.000010 0.000010 0.991936 0.000010
0.000010 0.000010 0.053477 0.000010 0.946483 0.000010
0.000010 0.420628 0.135182 0.008789 0.435382 0.000010
0.015884 0.322476 0.112883 0.000010 0.548738 0.000010
0.000010 0.000010 0.000010 0.000010 0.000010 0.999950
