0.000010 0.793890 0.206100
0.006694 0.993296 0.000010
0.001720 0.654435 0.343845
0.000010 0.000010 0.999980
0.999980 0.000010 0.000010
0.999980 0.000010 0.000010
0.000010 0.797199 0.202791
0.000010 0.767970 0.232020
0.006204 0.654265 0.339531
0.006042 0.993948 0.000010
0.002640 0.997350 0.000010
0.000010 0.710609 0.289381
0.000010 0.691558 0.308432
0.006814 0.993176 0.000010
0.000010 0.861776 0.138214
0.003555 0.996435 0.000010
0.999980 0.000010 0.000010
0.013977 0.986013 0.000010
0.000010 0.790672 0.209318
0.999974 0.000016 0.000010
0.999980 0.000010 0.000010
0.000010 0.000010 0.999980
0.000010 0.585817 0.414173
0.002265 0.815297 0.182439
0.003981 0.806822 0.189197
0.000010 0.684501 0.315489
0.999980 0.000010 0.000010
0.000105 0.999885 0.000010
0.999980 0.000010 0.000010
0.014900 0.983181 0.001919
0.999980 0.000010 0.000010
0.999980 0.000010 0.000010
0.000010 0.000010 0.999980
0.000010 0.765438 0.234552
0.004315 0.431735 0.563951
0.010634 0.989356 0.000010
0.003313 0.973502 0.023185
0.000010 0.646797 0.353193
0.012550 0.708295 0.279155
0.999980 0.000010 0.000010
