0.905821 0.094149 0.000010 0.000010 0.000010
0.786405 0.000010 0.017644 0.195931 0.000010
0.779672 0.215051 0.005257 0.000010 0.000010
0.000010 0.999960 0.000010 0.000010 0.000010
0.000010 0.000010 0.000010 0.000010 0.999960
0.000010 0.000010 0.743779 0.000010 0.256191
0.762108 0.122296 0.000010 0.115576 0.000010
0.905243 0.094727 0.000010 0.000010 0.000010
0.714849 0.259009 0.012092 0.014040 0.000010
0.803950 0.000010 0.000010 0.182922 0.013108
0.000010 0.000010 0.000010 0.999960 0.000010
0.760417 0.202601 0.000010 0.036962 0.000010
0.684481 0.222382 0.000010 0.093118 0.000010
0.849238 0.000010 0.015790 0.134953 0.000010
0.872301 0.028085 0.000010 0.099594 0.000010
0.849766 0.000010 0.000010 0.136296 0.013918
0.000010 0.000010 0.000010 0.000010 0.999960
0.000010 0.000010 0.000010 0.999960 0.000010
0.728027 0.134885 0.000010 0.135396 0.001682
0.000010 0.000010 0.999960 0.000010 0.000010
0.000010 0.000010 0.999960 0.000010 0.000010
0.000010 0.999960 0.000010 0.000010 0.000010
0.705192 0.294778 0.000010 0.000010 0.000010
0.999960 0.000010 0.000010 0.000010 0.000010
0.886124 0.092434 0.008998 0.012434 0.000010
0.842924 0.157046 0.000010 0.000010 0.000010
0.000010 0.000010 0.000010 0.000010 0.999960
0.000010 0.000010 0.000010 0.999960 0.000010
0.000010 0.000010 0.801427 0.000010 0.198543
0.529682 0.050501 0.000010 0.398666 0.021141
0.000010 0.000010 0.999960 0.000010 0.000010
0.000010 0.000010 0.000010 0.000010 0.999960
0.000010 0.999960 0.000010 0.000010 0.000010
0.734385 0.153231 0.000010 0.112364 0.000010
0.533322 0.449797 0.000010 0.016740 0.000132
0.772901 0.000010 0.000010 0.209799 0.017280
0.573010 0.072932 0.006003 0.348045 0.000010
0.605357 0.280327 0.002090 0.112216 0.000010
0.809930 0.176715 0.000010 0.000010 0.013335
0.000010 0.000010 0.999960 0.000010 0.000010
