0.000010 0.000010 0.999960 0.000010 0.000010
0.000010 0.553187 0.431864 0.000010 0.014929
0.123730 0.000010 0.866963 0.000010 0.009288
0.999959 0.000010 0.000010 0.000011 0.000010
0.000010 0.000010 0.000010 0.999960 0.000010
0.000010 0.000010 0.000010 0.265311 0.734659
0.060834 0.283365 0.655447 0.000344 0.000010
0.000010 0.000010 0.999960 0.000010 0.000010
0.153725 0.152385 0.682489 0.000010 0.011391
0.000010 0.427126 0.560253 0.012601 0.000010
0.000010 0.999960 0.000010 0.000010 0.000010
0.062709 0.156592 0.777541 0.000010 0.003147
0.102200 0.222399 0.675381 0.000010 0.000010
0.000010 0.434037 0.550964 0.000010 0.014979
0.024876 0.289490 0.685614 0.000010 0.000010
0.000010 0.507810 0.475711 0.016460 0.000010
0.000010 0.000010 0.000010 0.999960 0.000010
0.000010 0.999960 0.000010 0.000010 0.000010
0.054359 0.311254 0.634359 0.000018 0.000010
0.000010 0.000010 0.000010 0.000010 0.999960
0.000010 0.000010 0.000010 0.000010 0.999960
0.999960 0.000010 0.000010 0.000010 0.000010
0.061821 0.000010 0.938142 0.000017 0.000010
0.000010 0.000010 0.996105 0.000010 0.003865
0.034739 0.200554 0.754471 0.000010 0.010225
0.000010 0.000010 0.999960 0.000010 0.000010
0.000010 0.000010 0.000010 0.999960 0.000010
0.999960 0.000010 0.000010 0.000010 0.000010
0.000010 0.000010 0.000010 0.207881 0.792089
0.000010 0.999960 0.000010 0.000010 0.000010
0.000010 0.000010 0.000010 0.000010 0.999960
0.000010 0.000010 0.000010 0.999960 0.000010
0.424179 0.000010 0.575791 0.000010 0.000010
0.076338 0.264859 0.658783 0.000010 0.000010
0.163650 0.000010 0.832388 0.003942 0.000010
0.000010 0.543705 0.439450 0.000010 0.016825
0.000010 0.999960 0.000010 0.000010 0.000010
0.146368 0.232288 0.620856 0.000010 0.000478
0.128308 0.000010 0.852180 0.019492 0.000010
0.000010 0.000010 0.000010 0.000010 0.999960
