0.000010 0.352696 0.000010 0.647284
0.000010 0.000010 0.000651 0.999329
0.000010 0.518308 0.003435 0.478247
0.000010 0.999970 0.000010 0.000010
0.999970 0.000010 0.000010 0.000010
0.265448 0.000010 0.734532 0.000010
0.000010 0.330122 0.000010 0.669858
0.000010 0.357675 0.000010 0.642305
0.000010 0.454650 0.007854 0.537486
0.002841 0.000010 0.000010 0.997139
0.000010 0.000010 0.000010 0.999970
0.000010 0.385656 0.000010 0.614324
0.000010 0.465674 0.000010 0.534306
0.000010 0.000010 0.005954 0.994026
0.000010 0.256320 0.000010 0.743660
0.000010 0.000010 0.000010 0.999970
0.999970 0.000010 0.000010 0.000010
0.012413 0.000010 0.000010 0.987567
0.000010 0.344913 0.000010 0.655067
0.000010 0.000010 0.999970 0.000010
0.000010 0.000010 0.999970 0.000010
0.000010 0.999970 0.000010 0.000010
0.000010 0.999970 0.000010 0.000010
0.000010 0.348026 0.004781 0.647183
0.000010 0.279387 0.003390 0.717213
0.000010 0.684375 0.000010 0.315605
0.999970 0.000010 0.000010 0.000010
0.000010 0.000010 0.000010 0.999970
0.207569 0.000010 0.792411 0.000010
0.010275 0.000010 0.000010 0.989705
0.000010 0.000010 0.999970 0.000010
0.999970 0.000010 0.000010 0.000010
0.000010 0.999970 0.000010 0.000010
0.000010 0.357169 0.000010 0.642811
0.000010 0.999970 0.000010 0.000010
0.006074 0.000010 0.000010 0.993906
0.000010 0.014223 0.000010 0.985757
0.000010 0.547059 0.000010 0.452921
0.000010 0.422403 0.013546 0.564041
0.000010 0.000010 0.999970 0.000010
