0.149174 0.727090 0.123726 0.000010
0.000010 0.997900 0.000010 0.002080
0.276117 0.597291 0.125429 0.001162
0.999970 0.000010 0.000010 0.000010
0.000010 0.000017 0.000010 0.999963
0.000010 0.000010 0.000010 0.999970
0.174374 0.763901 0.061715 0.000010
0.179875 0.708456 0.111659 0.000010
0.296319 0.612099 0.086567 0.005014
0.000010 0.954834 0.041737 0.003420
0.000010 0.999970 0.000010 0.000010
0.277543 0.712583 0.009864 0.000010
0.235744 0.608903 0.155343 0.000010
0.000010 0.941657 0.053225 0.005108
0.099044 0.804087 0.096859 0.000010
0.000010 0.999970 0.000010 0.000010
0.000010 0.000010 0.000010 0.999970
0.000010 0.969865 0.018643 0.011483
0.152943 0.729373 0.117674 0.000010
0.000010 0.000010 0.000010 0.999970
0.000010 0.000019 0.000010 0.999961
0.999963 0.000017 0.000010 0.000010
0.000010 0.000010 0.999970 0.000010
0.089530 0.703488 0.204485 0.002497
0.162433 0.786852 0.048831 0.001884
0.000010 0.000010 0.999970 0.000010
0.000011 0.000010 0.000010 0.999969
0.000010 0.000010 0.999970 0.000010
0.000012 0.000010 0.000010 0.999968
0.008855 0.980939 0.000010 0.010196
0.000010 0.000010 0.000010 0.999970
0.000010 0.000010 0.000010 0.999970
0.999970 0.000010 0.000010 0.000010
0.191925 0.703099 0.104966 0.000010
0.436501 0.246787 0.307334 0.009377
0.000010 0.993449 0.000010 0.006531
0.040861 0.959119 0.000010 0.000010
0.254039 0.520274 0.225677 0.000010
0.225925 0.624730 0.136906 0.012439
0.000010 0.000010 0.000010 0.999970
