0.723188 0.149772 0.000010 0.000010 0.127019
0.996046 0.000010 0.003924 0.000010 0.000010
0.594854 0.274700 0.003765 0.000010 0.126672
0.000010 0.999960 0.000010 0.000010 0.000010
0.000010 0.000010 0.000010 0.999960 0.000010
0.000010 0.000010 0.734545 0.265425 0.000010
0.765864 0.174923 0.000010 0.000010 0.059193
0.700087 0.179500 0.000010 0.000010 0.120393
0.602558 0.295200 0.008660 0.000010 0.093573
0.939031 0.000010 0.000010 0.005817 0.055132
0.999960 0.000010 0.000010 0.000010 0.000010
0.698478 0.273758 0.000010 0.000010 0.027744
0.609114 0.236181 0.000010 0.000010 0.154685
0.932469 0.000010 0.008919 0.000010 0.058593
0.799834 0.098996 0.000010 0.000010 0.101150
0.999641 0.000010 0.000010 0.000329 0.000010
0.000013 0.000010 0.000010 0.999957 0.000010
0.970654 0.000017 0.000010 0.013309 0.016010
0.736144 0.155464 0.000010 0.000010 0.108372
0.000010 0.000010 0.999960 0.000010 0.000010
0.000010 0.000010 0.999960 0.000010 0.000010
0.000010 0.999960 0.000010 0.000010 0.000010
0.000010 0.000010 0.000010 0.000010 0.999960
0.698321 0.084256 0.004928 0.000010 0.212484
0.779785 0.161478 0.004036 0.000010 0.054691
0.000010 0.000010 0.000010 0.000010 0.999960
0.000010 0.000010 0.000010 0.999960 0.000010
0.999960 0.000010 0.000010 0.000010 0.000010
0.000010 0.000010 0.791992 0.207978 0.000010
0.976920 0.010853 0.012207 0.000010 0.000010
0.000010 0.000010 0.999960 0.000010 0.000010
0.000010 0.000010 0.000010 0.999960 0.000010
0.000010 0.999960 0.000010 0.000010 0.000010
0.722713 0.193739 0.000010 0.000010 0.083529
0.270397 0.443892 0.000010 0.009659 0.276042
0.991337 0.000010 0.000010 0.008633 0.000010
0.955766 0.041917 0.002297 0.000010 0.000010
0.529134 0.255966 0.000673 0.000010 0.214218
0.642514 0.230190 0.000010 0.013222 0.114064
0.000010 0.000010 0.999960 0.000010 0.000010
