0.792478 0.000010 0.207512
0.992598 0.007392 0.000010
0.658333 0.003977 0.337690
0.000010 0.000010 0.999980
0.000010 0.999980 0.000010
0.000010 0.999980 0.000010
0.794760 0.000010 0.205230
0.787662 0.000010 0.212328
0.662225 0.006763 0.331013
0.992958 0.007032 0.000010
0.994088 0.005902 0.000010
0.710947 0.000010 0.289043
0.695264 0.000010 0.304726
0.992092 0.007898 0.000010
0.868529 0.000010 0.131461
0.997915 0.002075 0.000010
0.000010 0.999980 0.000010
0.986841 0.013149 0.000010
0.794404 0.000010 0.205586
0.000010 0.999980 0.000010
0.000010 0.999980 0.000010
0.000010 0.000010 0.999980
0.587141 0.000010 0.412849
0.826781 0.001358 0.171860
0.807288 0.003435 0.189278
0.692306 0.000010 0.307684
0.000010 0.999980 0.000010
0.999980 0.000010 0.000010
0.000010 0.999980 0.000010
0.972368 0.016824 0.010809
0.000010 0.999980 0.000010
0.000010 0.999980 0.000010
0.000010 0.000010 0.999980
0.759143 0.000010 0.240847
0.450860 0.000010 0.549130
0.990562 0.009428 0.000010
0.951747 0.001177 0.047076
0.641094 0.000010 0.358896
0.709096 0.010092 0.280811
0.000010 0.999980 0.000010
