0.178455 0.821515 0.000010 0.000010 0.000010
0.000010 0.991245 0.008725 0.000010 0.000010
0.284592 0.619032 0.004554 0.000010 0.091813
0.999960 0.000010 0.000010 0.000010 0.000010
0.000010 0.000010 0.000010 0.999960 0.000010
0.000010 0.000010 0.743781 0.256189 0.000010
0.168476 0.666026 0.000010 0.000010 0.165478
0.172656 0.766431 0.000010 0.000010 0.060893
0.307208 0.683781 0.008991 0.000010 0.000010
0.000010 0.994280 0.000010 0.005690 0.000010
0.000010 0.000010 0.000010 0.000010 0.999960
0.266204 0.733766 0.000010 0.000010 0.000010
0.230918 0.493493 0.000010 0.000010 0.275569
0.000010 0.993680 0.006290 0.000010 0.000010
0.089159 0.743651 0.000010 0.000010 0.167170
0.000010 0.999960 0.000010 0.000010 0.000010
0.000010 0.000010 0.000010 0.999960 0.000010
0.000010 0.000010 0.000010 0.000010 0.999960
0.156108 0.633147 0.000010 0.000010 0.210725
0.000010 0.000010 0.999960 0.000010 0.000010
0.000010 0.000010 0.999960 0.000010 0.000010
0.999960 0.000010 0.000010 0.000010 0.000010
0.000018 0.000010 0.000010 0.000010 0.999952
0.096962 0.801652 0.000561 0.000010 0.100816
0.164325 0.832610 0.003045 0.000010 0.000010
0.000010 0.000010 0.000010 0.000010 0.999960
0.000010 0.000010 0.000010 0.999960 0.000010
0.000010 0.000010 0.000010 0.000010 0.999960
0.000010 0.000010 0.801277 0.198693 0.000010
0.022559 0.561692 0.000010 0.020709 0.395029
0.000010 0.000010 0.999960 0.000010 0.000010
0.000010 0.000010 0.000010 0.999960 0.000010
0.999960 0.000010 0.000010 0.000010 0.000010
0.193163 0.606699 0.000010 0.000010 0.200118
0.452782 0.000010 0.000010 0.000010 0.547188
0.000010 0.988900 0.000010 0.011070 0.000010
0.047254 0.569845 0.005962 0.000010 0.376929
0.262009 0.331143 0.000010 0.000010 0.406828
0.230552 0.602355 0.000010 0.011297 0.155786
0.000010 0.000010 0.999958 0.000012 0.000010
