0.000010 0.134727 0.843000 0.000010 0.022253
0.000010 0.999960 0.000010 0.000010 0.000010
0.000010 0.002461 0.845147 0.002547 0.149835
0.000010 0.000010 0.000010 0.000010 0.999960
0.000011 0.000010 0.000010 0.999959 0.000010
0.000010 0.000010 0.000010 0.999960 0.000010
0.029478 0.077371 0.847525 0.000010 0.045616
0.001117 0.118265 0.823631 0.000010 0.056977
0.008550 0.130336 0.632275 0.008184 0.220655
0.049581 0.244459 0.692683 0.013267 0.000010
0.999952 0.000018 0.000010 0.000011 0.000010
0.016683 0.112654 0.717178 0.000010 0.153474
0.044603 0.000010 0.798423 0.000010 0.156954
0.015823 0.336393 0.635248 0.012525 0.000010
0.043028 0.146229 0.810723 0.000010 0.000010
0.000012 0.999958 0.000010 0.000010 0.000010
0.000010 0.000010 0.000010 0.999960 0.000010
0.174170 0.130893 0.671703 0.023224 0.000010
0.050267 0.100799 0.770199 0.000010 0.078725
0.000010 0.000010 0.000010 0.999960 0.000010
0.000010 0.000010 0.000010 0.999960 0.000010
0.000010 0.000010 0.000010 0.000010 0.999960
0.000010 0.000010 0.877587 0.000010 0.122383
0.000010 0.000010 0.999492 0.000478 0.000010
0.011098 0.146994 0.785655 0.007515 0.048738
0.000010 0.000010 0.999960 0.000010 0.000010
0.000010 0.000010 0.000010 0.999960 0.000010
0.000010 0.999960 0.000010 0.000010 0.000010
0.000010 0.000010 0.000010 0.999960 0.000010
0.149338 0.194456 0.614104 0.022046 0.020056
0.000010 0.000010 0.000010 0.999960 0.000010
0.000010 0.000010 0.000010 0.999960 0.000010
0.000010 0.000010 0.000010 0.000010 0.999960
0.021767 0.000010 0.967060 0.000010 0.011153
0.000010 0.000010 0.648956 0.000405 0.350619
0.070942 0.297589 0.612605 0.018854 0.000010
0.162523 0.194183 0.595627 0.011008 0.036659
0.043103 0.000231 0.751266 0.000234 0.205167
0.000010 0.000010 0.884497 0.014101 0.101382
0.000010 0.000010 0.000010 0.999960 0.000010
