0.000010 0.149912 0.127150 0.722928
0.002003 0.000010 0.000010 0.997977
0.001314 0.275037 0.126845 0.596805
0.000010 0.999970 0.000010 0.000010
0.999970 0.000010 0.000010 0.000010
0.999970 0.000010 0.000010 0.000010
0.000010 0.174954 0.059258 0.765778
0.000010 0.179686 0.120516 0.699788
0.005326 0.295641 0.093751 0.605281
0.003907 0.000010 0.054845 0.941238
0.000010 0.000010 0.000010 0.999970
0.000010 0.273844 0.027721 0.698425
0.000010 0.236153 0.154719 0.609118
0.005512 0.000010 0.058100 0.936378
0.000010 0.099147 0.101163 0.799680
0.000010 0.000010 0.000010 0.999970
0.999961 0.000019 0.000010 0.000010
0.011412 0.000010 0.015982 0.972596
0.000010 0.155447 0.108419 0.736124
0.999970 0.000010 0.000010 0.000010
0.999970 0.000010 0.000010 0.000010
0.000010 0.999970 0.000010 0.000010
0.000010 0.000010 0.999970 0.000010
0.002728 0.084392 0.212659 0.700221
0.001879 0.161754 0.054771 0.781596
0.000010 0.000010 0.999970 0.000010
0.999970 0.000010 0.000010 0.000010
0.000010 0.000010 0.000010 0.999970
0.999970 0.000010 0.000010 0.000010
0.009908 0.010128 0.000010 0.979954
0.999970 0.000010 0.000010 0.000010
0.999970 0.000010 0.000010 0.000010
0.000012 0.999968 0.000010 0.000010
0.000010 0.193671 0.083691 0.722627
0.008289 0.443615 0.275885 0.272211
0.006875 0.000010 0.000010 0.993105
0.000010 0.041488 0.000010 0.958492
0.000010 0.255954 0.214232 0.529804
0.012015 0.230395 0.114170 0.643420
0.999970 0.000010 0.000010 0.000010
