0.000010 0.656764 0.000010 0.343216
0.002454 0.997526 0.000010 0.000010
0.000010 0.484872 0.004213 0.510905
0.000010 0.000010 0.000010 0.999970
0.000010 0.000010 0.999970 0.000010
0.743898 0.000010 0.256082 0.000010
0.000010 0.661310 0.000010 0.338670
0.000010 0.670825 0.000010 0.329155
0.008778 0.552992 0.000010 0.438220
0.000010 0.997308 0.002672 0.000010
0.000010 0.999970 0.000010 0.000010
0.000010 0.617139 0.000010 0.382841
0.000010 0.541567 0.000010 0.458413
0.006121 0.993859 0.000010 0.000010
0.000010 0.757907 0.000010 0.242073
0.000010 0.999970 0.000010 0.000010
0.000010 0.000010 0.999970 0.000010
0.000010 0.990155 0.009825 0.000010
0.000010 0.664492 0.000010 0.335488
0.999970 0.000010 0.000010 0.000010
0.999970 0.000010 0.000010 0.000010
0.000010 0.000010 0.000010 0.999970
0.000010 0.000010 0.000010 0.999970
0.000010 0.668574 0.002292 0.329124
0.003065 0.723978 0.000010 0.272948
0.000010 0.327806 0.000010 0.672174
0.000010 0.000010 0.999970 0.000010
0.801277 0.000010 0.198703 0.000010
0.000010 0.988330 0.011650 0.000010
0.999970 0.000010 0.000010 0.000010
0.000010 0.000010 0.999970 0.000010
0.000010 0.000010 0.000010 0.999970
0.000010 0.632188 0.000010 0.367792
0.000010 0.000010 0.000010 0.999970
0.000010 0.996003 0.003977 0.000010
0.000014 0.914725 0.000010 0.085251
0.001296 0.436810 0.000010 0.561884
0.000010 0.551772 0.012196 0.436022
0.999970 0.000010 0.000010 0.000010
