0.839038 0.066702 0.094240 0.000010 0.000010
0.757121 0.000010 0.000010 0.233454 0.009405
0.676928 0.097830 0.222586 0.000010 0.002646
0.000010 0.000010 0.999960 0.000010 0.000010
0.000013 0.000011 0.000012 0.000010 0.999954
0.000011 0.000010 0.000010 0.000010 0.999959
0.668354 0.037437 0.135380 0.158819 0.000010
0.820439 0.076845 0.102695 0.000010 0.000010
0.675145 0.051365 0.267820 0.000010 0.005660
0.757533 0.009891 0.000010 0.225581 0.006985
0.000010 0.000010 0.000010 0.999960 0.000010
0.772154 0.000010 0.227816 0.000010 0.000010
0.512667 0.135965 0.203556 0.147802 0.000010
0.793981 0.027067 0.000010 0.169666 0.009276
0.758273 0.077727 0.045945 0.118045 0.000010
0.999960 0.000010 0.000010 0.000010 0.000010
0.000013 0.000010 0.000010 0.000010 0.999957
0.000010 0.000010 0.000010 0.999960 0.000010
0.602763 0.083087 0.133798 0.180342 0.000010
0.000010 0.000010 0.000010 0.000010 0.999960
0.000011 0.000011 0.000010 0.000010 0.999957
0.000010 0.000010 0.999960 0.000010 0.000010
0.000010 0.999960 0.000010 0.000010 0.000010
0.835175 0.164795 0.000010 0.000010 0.000010
0.894707 0.000010 0.105263 0.000010 0.000010
0.000016 0.999954 0.000010 0.000010 0.000010
0.000012 0.000010 0.000010 0.000010 0.999958
0.000015 0.000010 0.000010 0.000010 0.999955
0.398779 0.000010 0.049847 0.532369 0.018995
0.000010 0.000016 0.000010 0.000010 0.999954
0.000010 0.000010 0.000010 0.000010 0.999960
0.000010 0.000010 0.999960 0.000010 0.000010
0.641524 0.066938 0.167172 0.124356 0.000010
0.223835 0.298796 0.387869 0.086988 0.002511
0.721889 0.000013 0.000010 0.267093 0.010995
0.000010 0.000010 0.000010 0.999960 0.000010
0.365826 0.211011 0.237359 0.184831 0.000973
0.713980 0.095263 0.181196 0.000010 0.009551
0.000016 0.000010 0.000010 0.000010 0.999954
