0.000010 0.343200 0.656780 0.000010
0.000010 0.000010 0.997525 0.002455
0.004213 0.510891 0.484886 0.000010
0.000010 0.999970 0.000010 0.000010
0.999970 0.000010 0.000010 0.000010
0.256082 0.000010 0.000010 0.743898
0.000010 0.338654 0.661326 0.000010
0.000010 0.329141 0.670839 0.000010
0.000010 0.438208 0.553004 0.008778
0.002673 0.000010 0.997307 0.000010
0.000011 0.000010 0.999969 0.000010
0.000010 0.382824 0.617156 0.000010
0.000010 0.458402 0.541578 0.000010
0.000010 0.000010 0.993858 0.006122
0.000010 0.242058 0.757922 0.000010
0.000010 0.000010 0.999970 0.000010
0.999970 0.000010 0.000010 0.000010
0.009825 0.000010 0.990155 0.000010
0.000010 0.335476 0.664504 0.000010
0.000010 0.000010 0.000010 0.999970
0.000019 0.000010 0.000010 0.999961
0.000010 0.999970 0.000010 0.000010
0.000010 0.999970 0.000010 0.000010
0.002292 0.329109 0.668589 0.000010
0.000010 0.272935 0.723990 0.003064
0.000010 0.672165 0.327815 0.000010
0.999970 0.000010 0.000010 0.000010
0.198704 0.000010 0.000010 0.801276
0.011650 0.000010 0.988330 0.000010
0.000010 0.000010 0.000010 0.999970
0.999970 0.000010 0.000010 0.000010
0.000010 0.999970 0.000010 0.000010
0.000010 0.367772 0.632208 0.000010
0.000010 0.999970 0.000010 0.000010
0.003978 0.000010 0.996002 0.000010
0.000010 0.085302 0.914678 0.000010
0.000010 0.561878 0.436817 0.001295
0.012196 0.436007 0.551787 0.000010
0.000010 0.000010 0.000010 0.999970
