0.068334 0.830825 0.000010 0.100810 0.000010 0.000010
0.000010 0.793600 0.000010 0.000010 0.011083 0.195287
0.094094 0.682491 0.003521 0.219874 0.000010 0.000010
0.000010 0.000010 0.000010 0.999950 0.000010 0.000010
0.000010 0.000010 0.999950 0.000010 0.000010 0.000010
0.000010 0.000010 0.256032 0.000010 0.743928 0.000010
0.031735 0.708028 0.000010 0.136967 0.000010 0.123251
0.073710 0.822364 0.000010 0.103896 0.000010 0.000010
0.050660 0.669091 0.000010 0.270431 0.009798 0.000010
0.006763 0.787662 0.007799 0.000010 0.000010 0.197756
0.000010 0.000010 0.000010 0.000010 0.000010 0.999950
0.000010 0.777763 0.000010 0.222197 0.000010 0.000010
0.133144 0.532745 0.000010 0.205662 0.000010 0.128429
0.023451 0.810248 0.000010 0.000010 0.011058 0.155224
0.076015 0.736855 0.000010 0.053154 0.000010 0.133956
0.000010 0.999950 0.000010 0.000010 0.000010 0.000010
0.000010 0.000010 0.999950 0.000010 0.000010 0.000010
0.000010 0.000010 0.000010 0.000010 0.000010 0.999950
0.080405 0.625209 0.000010 0.135331 0.000010 0.159035
0.000010 0.000010 0.000010 0.000010 0.999950 0.000010
0.000010 0.000010 0.000010 0.000010 0.999950 0.000010
0.000013 0.000010 0.000010 0.999947 0.000010 0.000010
0.999950 0.000010 0.000010 0.000010 0.000010 0.000010
0.162025 0.837935 0.000010 0.000010 0.000010 0.000010
0.000010 0.882139 0.000010 0.114611 0.003220 0.000010
0.999950 0.000010 0.000010 0.000010 0.000010 0.000010
0.000010 0.000010 0.999950 0.000010 0.000010 0.000010
0.000010 0.000010 0.198575 0.000010 0.801385 0.000010
0.000010 0.000010 0.000010 0.000010 0.000010 0.999950
0.000010 0.000010 0.000010 0.000010 0.999950 0.000010
0.000010 0.000010 0.999950 0.000010 0.000010 0.000010
0.000010 0.000010 0.000010 0.999950 0.000010 0.000010
0.067066 0.609604 0.000010 0.167733 0.000010 0.155576
0.293002 0.288555 0.004184 0.385511 0.000010 0.028737
0.000010 0.745787 0.012183 0.000010 0.000010 0.242000
0.000010 0.478493 0.000010 0.075248 0.001231 0.445007
0.209343 0.397600 0.000010 0.238766 0.002375 0.151907
0.094339 0.711638 0.013029 0.180974 0.000010 0.000010
0.000010 0.000010 0.000010 0.000010 0.999950 0.000010
