0.796931 0.203059 0.000010
0.992011 0.000010 0.007979
0.662525 0.333585 0.003890
0.000010 0.999980 0.000010
0.000010 0.000010 0.999980
0.000010 0.000010 0.999980
0.796660 0.203330 0.000010
0.793135 0.206855 0.000010
0.665071 0.328251 0.006679
0.992670 0.000010 0.007320
0.993891 0.000010 0.006099
0.714201 0.285789 0.000010
0.698371 0.301619 0.000010
0.992166 0.000010 0.007824
0.873629 0.126361 0.000010
0.997901 0.000010 0.002089
0.000010 0.000010 0.999980
0.986644 0.000010 0.013346
0.797275 0.202715 0.000010
0.000010 0.000010 0.999980
0.000010 0.000010 0.999980
0.000010 0.999980 0.000010
0.592243 0.407747 0.000010
0.830878 0.167710 0.001413
0.810689 0.185830 0.003481
0.697165 0.302825 0.000010
0.000010 0.000010 0.999980
0.000010 0.000010 0.999980
0.973955 0.008984 0.017062
0.000010 0.000010 0.999980
0.000010 0.000010 0.999980
0.000010 0.999980 0.000010
0.756341 0.243649 0.000010
0.449750 0.550240 0.000010
0.990427 0.000010 0.009563
0.949729 0.048614 0.001657
0.642902 0.357088 0.000010
0.708380 0.281035 0.010584
0.000010 0.000010 0.999980
