0.655334 0.218094 0.000010 0.126551 0.000010
0.999960 0.000010 0.000010 0.000010 0.000010
0.528955 0.221650 0.000010 0.243597 0.005788
0.000010 0.000010 0.000010 0.999960 0.000010
0.000010 0.000010 0.999960 0.000010 0.000010
0.000010 0.000010 0.256144 0.000010 0.743826
0.670720 0.191098 0.000010 0.138163 0.000010
0.645000 0.225678 0.000010 0.129302 0.000010
0.570466 0.152885 0.000010 0.267967 0.008672
0.999829 0.000010 0.000010 0.000010 0.000141
0.999954 0.000016 0.000010 0.000010 0.000010
0.645365 0.107558 0.000010 0.247057 0.000010
0.560765 0.231009 0.000010 0.208206 0.000010
0.891777 0.099749 0.000010 0.000010 0.008453
0.750035 0.181342 0.000010 0.068603 0.000010
0.999960 0.000010 0.000010 0.000010 0.000010
0.000010 0.000010 0.999960 0.000010 0.000010
0.992077 0.000010 0.007893 0.000010 0.000010
0.669934 0.197990 0.000011 0.132056 0.000010
0.000010 0.000010 0.000010 0.000010 0.999960
0.000010 0.000010 0.000010 0.000010 0.999960
0.000010 0.000010 0.000010 0.999960 0.000010
0.000010 0.999960 0.000010 0.000010 0.000010
0.641525 0.302424 0.000010 0.051222 0.004818
0.730093 0.122667 0.000010 0.144253 0.002977
0.000010 0.999960 0.000010 0.000010 0.000010
0.000010 0.000010 0.999960 0.000010 0.000010
0.000010 0.000010 0.198834 0.000010 0.801136
0.968129 0.000010 0.011130 0.020721 0.000010
0.000010 0.000010 0.000010 0.000010 0.999960
0.000010 0.000010 0.999960 0.000010 0.000010
0.000010 0.000010 0.000010 0.999960 0.000010
0.000010 0.999960 0.000010 0.000010 0.000010
0.189731 0.413142 0.008847 0.388270 0.000010
0.997102 0.000010 0.002868 0.000010 0.000010
0.935704 0.000010 0.000010 0.064266 0.000010
0.458827 0.298947 0.000010 0.239456 0.002760
0.543725 0.258378 0.013651 0.184236 0.000010
0.000010 0.000010 0.000010 0.000010 0.999960
