0.000010 0.042110 0.153650 0.000010 0.000010 0.804210
0.000010 0.000010 0.000010 0.010585 0.199037 0.790348
0.000010 0.138978 0.212027 0.003633 0.000010 0.645341
0.000010 0.999950 0.000010 0.000010 0.000010 0.000010
0.999950 0.000010 0.000010 0.000010 0.000010 0.000010
0.256014 0.000011 0.000010 0.743946 0.000010 0.000010
0.000010 0.070846 0.139087 0.000010 0.124032 0.666016
0.000010 0.023497 0.170004 0.000010 0.000010 0.806468
0.000010 0.165304 0.177321 0.009902 0.000010 0.647453
0.007387 0.000010 0.000010 0.000010 0.198524 0.794059
0.000010 0.000010 0.000010 0.000010 0.999950 0.000010
0.000010 0.093382 0.153350 0.000010 0.000010 0.753238
0.000010 0.107349 0.270938 0.000010 0.127630 0.494063
0.000010 0.000010 0.030734 0.010987 0.160644 0.797615
0.000010 0.039141 0.109885 0.000010 0.132056 0.718897
0.000010 0.000010 0.000010 0.000010 0.000010 0.999950
0.999950 0.000010 0.000010 0.000010 0.000010 0.000010
0.000010 0.000010 0.000010 0.000010 0.999950 0.000010
0.000010 0.062412 0.176722 0.000010 0.160364 0.600482
0.000010 0.000010 0.000010 0.999950 0.000010 0.000010
0.000010 0.000010 0.000010 0.999950 0.000010 0.000010
0.000010 0.999950 0.000010 0.000010 0.000010 0.000010
0.000010 0.000010 0.999950 0.000010 0.000010 0.000010
0.000010 0.000010 0.201503 0.000019 0.000010 0.798448
0.000010 0.061522 0.000010 0.000015 0.000010 0.938432
0.000010 0.000010 0.999950 0.000010 0.000010 0.000010
0.999944 0.000015 0.000011 0.000010 0.000010 0.000010
0.198583 0.000011 0.000010 0.801376 0.000010 0.000010
0.000010 0.000010 0.000010 0.000010 0.999950 0.000010
0.000010 0.000010 0.000010 0.999950 0.000010 0.000010
0.999950 0.000010 0.000010 0.000010 0.000010 0.000010
0.000010 0.477863 0.522097 0.000010 0.000010 0.000010
0.000010 0.080580 0.180780 0.000010 0.157383 0.581236
0.000010 0.000010 0.999950 0.000010 0.000010 0.000010
0.011440 0.000010 0.000010 0.000010 0.239790 0.748740
0.000010 0.056125 0.027859 0.001098 0.446316 0.468593
0.000010 0.136367 0.362533 0.002411 0.149461 0.349218
0.013241 0.107149 0.205892 0.000010 0.000010 0.673698
0.000011 0.000010 0.000010 0.999949 0.000010 0.000010
