0.656930 0.000010 0.343050 0.000010
0.997296 0.002684 0.000010 0.000010
0.485003 0.000010 0.510767 0.004221
0.000010 0.000010 0.999970 0.000010
0.000010 0.000010 0.000010 0.999970
0.000010 0.743911 0.000010 0.256069
0.661468 0.000010 0.338512 0.000010
0.670980 0.000010 0.329000 0.000010
0.553117 0.008727 0.438146 0.000010
0.996049 0.003931 0.000010 0.000010
0.999970 0.000010 0.000010 0.000010
0.617278 0.000010 0.382702 0.000010
0.541679 0.000010 0.458301 0.000010
0.993849 0.006131 0.000010 0.000010
0.758024 0.000010 0.241956 0.000010
0.999970 0.000010 0.000010 0.000010
0.000011 0.000010 0.000010 0.999969
0.990063 0.000010 0.000010 0.009917
0.664594 0.000010 0.335386 0.000010
0.000010 0.999970 0.000010 0.000010
0.000010 0.999970 0.000010 0.000010
0.000010 0.000010 0.999970 0.000010
0.000010 0.000010 0.999970 0.000010
0.668514 0.000010 0.329025 0.002450
0.724069 0.003082 0.272839 0.000010
0.327909 0.000010 0.672071 0.000010
0.000010 0.000010 0.000010 0.999970
0.000010 0.801248 0.000010 0.198732
0.988126 0.000010 0.000010 0.011854
0.000010 0.999970 0.000010 0.000010
0.000010 0.000010 0.000010 0.999970
0.000010 0.000010 0.999970 0.000010
0.632374 0.000010 0.367606 0.000010
0.000010 0.000010 0.999970 0.000010
0.995710 0.000010 0.000010 0.004270
0.914744 0.000010 0.085236 0.000010
0.436807 0.001350 0.561834 0.000010
0.551870 0.000010 0.435903 0.012216
0.000010 0.999970 0.000010 0.000010
