0.203062 0.796928 0.000010
0.000010 0.992011 0.007979
0.333590 0.662520 0.003890
0.999980 0.000010 0.000010
0.000010 0.000010 0.999980
0.000010 0.000010 0.999980
0.203334 0.796656 0.000010
0.206859 0.793131 0.000010
0.328253 0.665068 0.006679
0.000010 0.992670 0.007320
0.000010 0.993890 0.006100
0.285794 0.714196 0.000010
0.301623 0.698367 0.000010
0.000010 0.992166 0.007824
0.126363 0.873627 0.000010
0.000010 0.997901 0.002089
0.000010 0.000010 0.999980
0.000010 0.986644 0.013346
0.202719 0.797271 0.000010
0.000010 0.000010 0.999980
0.000010 0.000010 0.999980
0.999980 0.000010 0.000010
0.407752 0.592238 0.000010
0.167713 0.830874 0.001413
0.185833 0.810686 0.003481
0.302830 0.697160 0.000010
0.000010 0.000010 0.999980
0.000010 0.000010 0.999980
0.008964 0.973975 0.017061
0.000010 0.000010 0.999980
0.000010 0.000010 0.999980
0.999980 0.000010 0.000010
0.243652 0.756338 0.000010
0.550248 0.449742 0.000010
0.000010 0.990427 0.009563
0.048636 0.949706 0.001658
0.357093 0.642897 0.000010
0.281039 0.708377 0.010585
0.000010 0.000010 0.999980
