0.000010 0.245357 0.000010 0.647936 0.106686
0.000010 0.000010 0.000549 0.999421 0.000010
0.000010 0.295680 0.005190 0.517074 0.182046
0.000010 0.000010 0.000010 0.000010 0.999960
0.999960 0.000010 0.000010 0.000010 0.000010
0.256097 0.000010 0.743873 0.000010 0.000010
0.000010 0.197184 0.000010 0.672488 0.130308
0.000010 0.239977 0.000010 0.650834 0.109169
0.000010 0.227959 0.009046 0.557174 0.205810
0.000010 0.000010 0.001271 0.998699 0.000010
0.000010 0.000010 0.000010 0.999960 0.000010
0.000010 0.228740 0.000010 0.628635 0.142605
0.000010 0.305758 0.000010 0.545329 0.148893
0.000010 0.086261 0.008312 0.905407 0.000010
0.000010 0.165229 0.000010 0.744440 0.090311
0.000011 0.000010 0.000010 0.999959 0.000010
0.999958 0.000010 0.000012 0.000010 0.000010
0.009352 0.000010 0.000010 0.990618 0.000010
0.000010 0.216696 0.000010 0.666966 0.116319
0.000010 0.000010 0.999960 0.000010 0.000010
0.000010 0.000010 0.999960 0.000010 0.000010
0.000010 0.000010 0.000010 0.000010 0.999960
0.000010 0.999960 0.000010 0.000010 0.000010
0.003540 0.281569 0.000010 0.643670 0.071211
0.000010 0.153490 0.003052 0.724392 0.119056
0.000010 0.999960 0.000010 0.000010 0.000010
0.999960 0.000010 0.000010 0.000010 0.000010
0.198770 0.000014 0.801193 0.000013 0.000010
0.012127 0.000010 0.000010 0.915783 0.072071
0.000010 0.000010 0.999960 0.000010 0.000010
0.999960 0.000010 0.000010 0.000010 0.000010
0.000010 0.499869 0.000010 0.000010 0.500101
0.000018 0.000010 0.000010 0.000010 0.999952
0.000010 0.999960 0.000010 0.000010 0.000010
0.003511 0.000010 0.000010 0.996459 0.000010
0.000010 0.000010 0.000010 0.937287 0.062683
0.000010 0.395659 0.002839 0.435321 0.166172
0.013110 0.275208 0.000010 0.540935 0.170737
0.000010 0.000010 0.999960 0.000010 0.000010
