0.000010 0.000010 0.000010 0.272555 0.727415
0.139010 0.010244 0.000010 0.000010 0.850726
0.000010 0.000010 0.003371 0.454268 0.542341
0.000010 0.000010 0.000202 0.999768 0.000010
0.000010 0.000010 0.999960 0.000010 0.000010
0.000010 0.743817 0.256153 0.000010 0.000010
0.069441 0.000010 0.000010 0.288417 0.642122
0.000010 0.000010 0.000010 0.266850 0.733120
0.000010 0.007476 0.000010 0.404048 0.588456
0.107051 0.000010 0.006261 0.000010 0.886668
0.999952 0.000010 0.000016 0.000011 0.000010
0.000010 0.000010 0.000010 0.338031 0.661939
0.080796 0.000010 0.000010 0.429826 0.489358
0.000020 0.002416 0.000010 0.000010 0.997544
0.051255 0.000010 0.000010 0.196459 0.752267
0.000010 0.000010 0.000010 0.000010 0.999960
0.000010 0.000010 0.999960 0.000010 0.000010
0.349106 0.000010 0.018865 0.000010 0.632009
0.100673 0.000010 0.000065 0.301627 0.597624
0.000010 0.999960 0.000010 0.000010 0.000010
0.000010 0.999960 0.000010 0.000010 0.000010
0.000010 0.000010 0.000010 0.999960 0.000010
0.000010 0.000010 0.000010 0.999960 0.000010
0.000010 0.000016 0.000010 0.244021 0.755943
0.000010 0.003708 0.000010 0.210768 0.785504
0.000010 0.000010 0.000010 0.641061 0.358909
0.000010 0.000010 0.999960 0.000010 0.000010
0.000010 0.801344 0.198626 0.000010 0.000010
0.322535 0.000010 0.019987 0.037319 0.620149
0.000010 0.999960 0.000010 0.000010 0.000010
0.000010 0.000010 0.999960 0.000010 0.000010
0.000010 0.000010 0.000010 0.999960 0.000010
0.029028 0.000010 0.000010 0.316460 0.654493
0.000010 0.000010 0.000010 0.999960 0.000010
0.165539 0.000010 0.010274 0.000010 0.824167
0.999960 0.000010 0.000010 0.000010 0.000010
0.100857 0.002669 0.000010 0.536205 0.360260
0.000010 0.000010 0.010586 0.376187 0.613207
0.000010 0.999960 0.000010 0.000010 0.000010
