0.000010 0.798415 0.201565 0.000010
0.011186 0.988794 0.000010 0.000010
0.000010 0.662464 0.332241 0.005286
0.000010 0.000010 0.999970 0.000010
0.000010 0.000010 0.000010 0.999970
0.743907 0.000010 0.000010 0.256073
0.000010 0.797885 0.202095 0.000010
0.000010 0.794458 0.205522 0.000010
0.009780 0.663271 0.326939 0.000010
0.010369 0.989611 0.000010 0.000010
0.009019 0.990961 0.000010 0.000010
0.000010 0.715230 0.284750 0.000010
0.000010 0.699518 0.300462 0.000010
0.010691 0.989289 0.000010 0.000010
0.000010 0.874892 0.125088 0.000010
0.000010 0.994741 0.000010 0.005239
0.000018 0.000010 0.000010 0.999962
0.015547 0.984433 0.000010 0.000010
0.000010 0.798247 0.201733 0.000010
0.999970 0.000010 0.000010 0.000010
0.999970 0.000010 0.000010 0.000010
0.000010 0.000010 0.999970 0.000010
0.000010 0.593791 0.406189 0.000010
0.000010 0.830380 0.166342 0.003269
0.005545 0.809856 0.184589 0.000010
0.000010 0.698707 0.301273 0.000010
0.000010 0.000010 0.000010 0.999970
0.801240 0.000010 0.000010 0.198740
0.000010 0.971655 0.008892 0.019443
0.999970 0.000010 0.000010 0.000010
0.000010 0.000010 0.000010 0.999970
0.000010 0.000010 0.999970 0.000010
0.000010 0.757593 0.242387 0.000010
0.000010 0.449455 0.548950 0.001585
0.011500 0.988480 0.000010 0.000010
0.004493 0.946410 0.049087 0.000010
0.001284 0.642870 0.355836 0.000010
0.000010 0.707594 0.279498 0.012898
0.999970 0.000010 0.000010 0.000010
