0.818589 0.000010 0.181401
0.995678 0.004312 0.000010
0.714290 0.007097 0.278613
0.000010 0.000010 0.999980
0.000010 0.999980 0.000010
0.000010 0.999980 0.000010
0.836231 0.000010 0.163759
0.829804 0.000010 0.170186
0.709697 0.001409 0.288894
0.997008 0.002982 0.000010
0.992876 0.007114 0.000010
0.776542 0.000010 0.223448
0.734527 0.000010 0.265463
0.992391 0.007599 0.000010
0.913078 0.000010 0.086912
0.996764 0.003226 0.000010
0.000010 0.999980 0.000010
0.982317 0.017673 0.000010
0.821406 0.000010 0.178584
0.000010 0.999980 0.000010
0.000010 0.999980 0.000010
0.000010 0.000010 0.999980
0.623089 0.004860 0.372051
0.891363 0.009796 0.098841
0.846704 0.001972 0.151324
0.718857 0.000010 0.281133
0.000010 0.999980 0.000010
0.999980 0.000010 0.000010
0.000010 0.999980 0.000010
0.958503 0.016720 0.024776
0.000010 0.999980 0.000010
0.000010 0.999980 0.000010
0.000010 0.000010 0.999980
0.793821 0.000010 0.206169
0.500356 0.004859 0.494785
0.993114 0.006876 0.000010
0.986423 0.004424 0.009152
0.697287 0.000010 0.302703
0.745535 0.003324 0.251142
0.000010 0.999980 0.000010
