0.000010 0.120521 0.847372 0.000010 0.032087
0.000010 0.999878 0.000092 0.000010 0.000010
0.048570 0.016097 0.812087 0.010602 0.112643
0.000016 0.000010 0.000010 0.000010 0.999954
0.000010 0.000010 0.000010 0.999960 0.000010
0.000010 0.000010 0.000010 0.999960 0.000010
0.193573 0.028470 0.750772 0.000010 0.027176
0.000010 0.122845 0.877125 0.000010 0.000010
0.099233 0.106361 0.615985 0.003540 0.174881
0.229665 0.196470 0.563695 0.010161 0.000010
0.999960 0.000010 0.000010 0.000010 0.000010
0.127949 0.095394 0.669141 0.000010 0.107505
0.151669 0.000010 0.721535 0.000010 0.126775
0.167257 0.264932 0.553474 0.014328 0.000010
0.152445 0.140334 0.707200 0.000010 0.000010
0.000010 0.999960 0.000010 0.000010 0.000010
0.000010 0.000010 0.000010 0.999960 0.000010
0.999960 0.000010 0.000010 0.000010 0.000010
0.237221 0.045880 0.665747 0.000010 0.051142
0.000010 0.000010 0.000010 0.999960 0.000010
0.000010 0.000010 0.000010 0.999960 0.000010
0.000018 0.000019 0.000010 0.000010 0.999943
0.000010 0.000010 0.939086 0.000010 0.060884
0.000010 0.069053 0.922652 0.008275 0.000010
0.102080 0.120805 0.748007 0.006203 0.022905
0.000010 0.000019 0.999951 0.000010 0.000010
0.000010 0.000010 0.000010 0.999960 0.000010
0.999960 0.000010 0.000010 0.000010 0.000010
0.000010 0.000010 0.000010 0.999960 0.000010
0.999787 0.000015 0.000010 0.000178 0.000010
0.000010 0.000010 0.000010 0.999960 0.000010
0.000010 0.000010 0.000010 0.999960 0.000010
0.000010 0.000010 0.000010 0.000010 0.999960
0.224443 0.000010 0.687184 0.000010 0.088353
0.006134 0.000010 0.701665 0.005139 0.287052
0.281374 0.256639 0.448248 0.013729 0.000010
0.439641 0.105943 0.442638 0.007682 0.004097
0.169894 0.000010 0.683161 0.000010 0.146924
0.000010 0.000010 0.953397 0.004465 0.042117
0.000010 0.000010 0.000010 0.999960 0.000010
