0.203506 0.000010 0.037684 0.000010 0.004178 0.754611
0.999950 0.000010 0.000010 0.000010 0.000010 0.000010
0.080486 0.013991 0.093848 0.000010 0.124237 0.687428
0.000010 0.000010 0.999950 0.000010 0.000010 0.000010
0.000010 0.000010 0.000010 0.999950 0.000010 0.000010
0.000010 0.756095 0.000010 0.243865 0.000010 0.000010
0.088262 0.000010 0.040410 0.000010 0.296844 0.574463
0.200705 0.000010 0.000010 0.000010 0.044204 0.755061
0.150470 0.007337 0.115061 0.000010 0.138316 0.588805
0.244462 0.012800 0.000010 0.000010 0.305099 0.437619
0.000010 0.000010 0.000010 0.000010 0.999950 0.000010
0.138855 0.000412 0.044743 0.000010 0.194723 0.621257
0.036549 0.000010 0.067008 0.000010 0.221551 0.674872
0.308506 0.017158 0.000010 0.000010 0.243091 0.431226
0.197121 0.000010 0.026333 0.001427 0.217137 0.557973
0.999950 0.000010 0.000010 0.000010 0.000010 0.000010
0.000010 0.000014 0.000010 0.999946 0.000010 0.000010
0.000010 0.000010 0.000010 0.000010 0.999950 0.000010
0.082363 0.000010 0.026637 0.001169 0.334119 0.555702
0.000010 0.999950 0.000010 0.000010 0.000010 0.000010
0.000010 0.999950 0.000010 0.000010 0.000010 0.000010
0.000010 0.000010 0.999950 0.000010 0.000010 0.000010
0.000010 0.000010 0.000010 0.000010 0.000010 0.999950
0.177574 0.019754 0.000010 0.000010 0.000010 0.802642
0.181794 0.000010 0.034982 0.012131 0.172154 0.598929
0.000013 0.000010 0.000010 0.000010 0.000010 0.999947
0.000010 0.000010 0.000010 0.999950 0.000010 0.000010
0.000010 0.000010 0.000010 0.000010 0.999950 0.000010
0.000010 0.847755 0.000010 0.152205 0.000010 0.000010
0.000010 0.000010 0.000010 0.000010 0.999950 0.000010
0.000010 0.999950 0.000010 0.000010 0.000010 0.000010
0.000010 0.000010 0.000010 0.999950 0.000010 0.000010
0.000010 0.000010 0.335188 0.000010 0.000010 0.664772
0.000010 0.000010 0.047692 0.000010 0.332011 0.620267
0.000010 0.000010 0.033306 0.000010 0.000010 0.966654
0.293951 0.016264 0.020276 0.000010 0.383530 0.285969
0.000010 0.000010 0.000010 0.000010 0.999950 0.000010
0.017721 0.003559 0.094432 0.000010 0.242505 0.641772
0.060384 0.000010 0.071358 0.012289 0.105662 0.750297
0.000010 0.999950 0.000010 0.000010 0.000010 0.000010
