0.000010 0.673861 0.000010 0.326119
0.000010 0.998107 0.001873 0.000010
0.000010 0.527849 0.011458 0.460683
0.000010 0.000010 0.000010 0.999970
0.999970 0.000010 0.000010 0.000010
0.243392 0.000010 0.756588 0.000010
0.000010 0.703204 0.000010 0.296776
0.000010 0.700748 0.000010 0.299232
0.000010 0.592735 0.002131 0.405124
0.001455 0.998525 0.000010 0.000010
0.003027 0.996953 0.000010 0.000010
0.000960 0.680867 0.000010 0.318163
0.000010 0.554605 0.000010 0.445375
0.000010 0.991457 0.008523 0.000010
0.000010 0.795353 0.000010 0.204627
0.000010 0.999970 0.000010 0.000010
0.999970 0.000010 0.000010 0.000010
0.019928 0.980052 0.000010 0.000010
0.000011 0.687818 0.000010 0.312161
0.000010 0.000010 0.999970 0.000010
0.000010 0.000010 0.999970 0.000010
0.000017 0.000010 0.000010 0.999963
0.000010 0.000010 0.000010 0.999970
0.000010 0.727139 0.014368 0.258483
0.003574 0.749883 0.000010 0.246532
0.000010 0.308660 0.000010 0.691320
0.999970 0.000010 0.000010 0.000010
0.000010 0.992064 0.000010 0.007916
0.150934 0.000010 0.849046 0.000010
0.000010 0.986633 0.013347 0.000010
0.000010 0.000010 0.999970 0.000010
0.999970 0.000010 0.000010 0.000010
0.000010 0.000010 0.000010 0.999970
0.000010 0.672633 0.000010 0.327347
0.000010 0.000010 0.000010 0.999970
0.000010 0.996310 0.003670 0.000010
0.000010 0.979140 0.006605 0.014244
0.000010 0.483809 0.002565 0.513616
0.007315 0.563585 0.000010 0.429089
0.000010 0.000010 0.999970 0.000010
