0.000010 0.000010 0.763782 0.068989 0.167199 0.000010
0.072529 0.000010 0.921153 0.000010 0.000010 0.006288
0.000010 0.000010 0.629665 0.127402 0.232627 0.010286
0.000010 0.000010 0.000010 0.999950 0.000010 0.000010
0.000010 0.999950 0.000010 0.000010 0.000010 0.000010
0.000010 0.243545 0.000010 0.000010 0.000010 0.756415
0.070597 0.000010 0.679066 0.076847 0.173470 0.000010
0.000010 0.000010 0.775009 0.032541 0.192419 0.000010
0.000010 0.000010 0.661696 0.144360 0.193418 0.000506
0.041880 0.001419 0.956670 0.000010 0.000010 0.000010
0.999947 0.000010 0.000013 0.000010 0.000010 0.000010
0.028275 0.000010 0.731697 0.082764 0.157245 0.000010
0.068649 0.000010 0.537947 0.102469 0.290915 0.000010
0.000010 0.000010 0.997037 0.000010 0.000010 0.002923
0.019746 0.000010 0.829970 0.045800 0.104464 0.000010
0.000010 0.000010 0.999950 0.000010 0.000010 0.000010
0.000010 0.999950 0.000010 0.000010 0.000010 0.000010
0.237625 0.025135 0.625446 0.000010 0.111773 0.000010
0.097448 0.000012 0.621772 0.063361 0.217398 0.000010
0.000010 0.000010 0.000010 0.000010 0.000010 0.999950
0.000010 0.000010 0.000010 0.000010 0.000010 0.999950
0.000010 0.000010 0.000010 0.999950 0.000010 0.000010
0.000010 0.000010 0.000010 0.000010 0.999950 0.000010
0.000010 0.000010 0.821927 0.000010 0.169550 0.008494
0.000010 0.000010 0.857984 0.067744 0.074242 0.000010
0.000014 0.000010 0.000010 0.000010 0.999946 0.000010
0.000010 0.999950 0.000010 0.000010 0.000010 0.000010
0.000010 0.000010 0.000010 0.000010 0.999950 0.000010
0.000010 0.150276 0.000010 0.000010 0.000010 0.849684
0.252449 0.018657 0.653089 0.058920 0.016875 0.000010
0.000010 0.000010 0.000010 0.000010 0.000010 0.999950
0.000010 0.999950 0.000010 0.000010 0.000010 0.000010
0.000010 0.000010 0.000010 0.442541 0.557419 0.000010
0.056592 0.000010 0.632144 0.090552 0.220692 0.000010
0.000010 0.000010 0.000010 0.000010 0.999950 0.000010
0.097810 0.000010 0.896197 0.000010 0.000010 0.005962
0.999950 0.000010 0.000010 0.000010 0.000010 0.000010
0.091195 0.000010 0.403011 0.114117 0.385545 0.006122
0.000010 0.004830 0.608866 0.098069 0.288216 0.000010
0.000010 0.000010 0.000010 0.000010 0.000010 0.999950
