0.075681 0.694034 0.000010 0.230275
0.000010 0.999970 0.000010 0.000010
0.129195 0.593243 0.006586 0.270976
0.999966 0.000010 0.000014 0.000010
0.000010 0.000010 0.999970 0.000010
0.000010 0.000010 0.999970 0.000010
0.074281 0.744514 0.000010 0.181195
0.038851 0.716999 0.000010 0.244139
0.145624 0.629321 0.000010 0.225045
0.000010 0.989637 0.000010 0.010343
0.000013 0.999967 0.000010 0.000010
0.079244 0.717048 0.000010 0.203697
0.098846 0.594016 0.000010 0.307128
0.000010 0.915032 0.006623 0.078334
0.044779 0.810319 0.000010 0.144893
0.000010 0.999970 0.000010 0.000010
0.000010 0.000010 0.999970 0.000010
0.000010 0.946349 0.015173 0.038468
0.057752 0.723029 0.000010 0.219209
0.000010 0.000010 0.999970 0.000010
0.000010 0.000010 0.999970 0.000010
0.999970 0.000010 0.000010 0.000010
0.000200 0.000010 0.000010 0.999780
0.017438 0.735832 0.010586 0.236144
0.067326 0.782154 0.000010 0.150511
0.000010 0.000010 0.000010 0.999970
0.000010 0.000010 0.999970 0.000010
0.000010 0.892921 0.000010 0.107059
0.000010 0.000010 0.999970 0.000010
0.044153 0.945554 0.010283 0.000010
0.000010 0.000010 0.999970 0.000010
0.000010 0.000010 0.999970 0.000010
0.429683 0.000010 0.000010 0.570297
0.084172 0.700172 0.000010 0.215646
0.000010 0.000010 0.000010 0.999970
0.000010 0.999240 0.000740 0.000010
0.012908 0.987072 0.000010 0.000010
0.107530 0.506397 0.000010 0.386064
0.099121 0.586108 0.002806 0.311964
0.000010 0.000010 0.999970 0.000010
