0.000010 0.000010 0.000010 0.301665 0.698305
0.000010 0.000010 0.000010 0.000010 0.999960
0.010160 0.000482 0.000010 0.449742 0.539606
0.000010 0.000010 0.000010 0.999960 0.000010
0.000010 0.000010 0.999960 0.000010 0.000010
0.756566 0.000010 0.243404 0.000010 0.000010
0.000010 0.090090 0.000010 0.301416 0.608473
0.000010 0.000010 0.000010 0.266540 0.733430
0.000781 0.000010 0.000010 0.397347 0.601851
0.000010 0.102014 0.002213 0.000010 0.895753
0.000010 0.999956 0.000014 0.000010 0.000010
0.000010 0.028088 0.000010 0.307429 0.664463
0.000010 0.064878 0.000010 0.449989 0.485113
0.000010 0.000010 0.000010 0.000010 0.999960
0.000010 0.054138 0.000010 0.211556 0.734286
0.000010 0.000010 0.000010 0.000010 0.999960
0.000010 0.000010 0.999960 0.000010 0.000010
0.000010 0.999960 0.000010 0.000010 0.000010
0.000010 0.119364 0.000010 0.327739 0.552878
0.999960 0.000010 0.000010 0.000010 0.000010
0.999960 0.000010 0.000010 0.000010 0.000010
0.000010 0.000013 0.000010 0.999957 0.000010
0.000010 0.000010 0.000010 0.999960 0.000010
0.008440 0.000010 0.000010 0.202108 0.789431
0.000010 0.000010 0.004597 0.221722 0.773661
0.000010 0.000010 0.000010 0.676991 0.322979
0.000010 0.000010 0.999960 0.000010 0.000010
0.000010 0.999960 0.000010 0.000010 0.000010
0.847929 0.000010 0.152041 0.000010 0.000010
0.020296 0.329683 0.000010 0.117534 0.532477
0.999960 0.000010 0.000010 0.000010 0.000010
0.000010 0.000010 0.999960 0.000010 0.000010
0.000010 0.000010 0.000010 0.999960 0.000010
0.000010 0.080063 0.000010 0.342570 0.577348
0.000010 0.000010 0.000010 0.999960 0.000010
0.003395 0.096002 0.000010 0.000010 0.900583
0.010957 0.241189 0.000010 0.136031 0.611812
0.003836 0.117576 0.000010 0.527905 0.350673
0.000010 0.017333 0.009638 0.420595 0.552424
0.999960 0.000010 0.000010 0.000010 0.000010
