0.030330 0.000010 0.869999 0.000010 0.099652
0.287758 0.015986 0.696235 0.000010 0.000010
0.000010 0.010632 0.742206 0.000010 0.247142
0.000010 0.000010 0.000010 0.000010 0.999960
0.000010 0.000010 0.000010 0.999960 0.000010
0.000010 0.756144 0.000010 0.243826 0.000010
0.000010 0.000010 0.999960 0.000010 0.000010
0.006419 0.000010 0.993551 0.000010 0.000010
0.060026 0.005790 0.676737 0.000010 0.257437
0.191813 0.011812 0.796355 0.000010 0.000010
0.999960 0.000010 0.000010 0.000010 0.000010
0.077457 0.000010 0.781883 0.000010 0.140640
0.024683 0.000010 0.699388 0.000010 0.275909
0.222093 0.017607 0.760280 0.000010 0.000010
0.100482 0.000010 0.899488 0.000010 0.000010
0.999960 0.000010 0.000010 0.000010 0.000010
0.000010 0.000010 0.000010 0.999960 0.000010
0.238583 0.000010 0.733473 0.027924 0.000010
0.046684 0.000010 0.816072 0.003179 0.134055
0.000010 0.999960 0.000010 0.000010 0.000010
0.000010 0.999958 0.000010 0.000012 0.000010
0.000010 0.000010 0.000010 0.000010 0.999960
0.000010 0.000010 0.000010 0.000010 0.999960
0.000010 0.007853 0.992117 0.000010 0.000010
0.049279 0.000010 0.944643 0.006059 0.000010
0.000010 0.000010 0.437048 0.000010 0.562922
0.000010 0.000010 0.000010 0.999960 0.000010
0.098897 0.000010 0.901073 0.000010 0.000010
0.000010 0.848719 0.000010 0.151251 0.000010
0.294978 0.000010 0.676460 0.022082 0.006470
0.000010 0.999952 0.000010 0.000018 0.000010
0.000010 0.000010 0.000010 0.999960 0.000010
0.000010 0.000010 0.000010 0.000010 0.999960
0.000010 0.000010 0.999960 0.000010 0.000010
0.000010 0.000011 0.000010 0.000010 0.999959
0.263039 0.016152 0.720789 0.000010 0.000010
0.245854 0.016429 0.737696 0.000010 0.000010
0.040510 0.004211 0.560217 0.000010 0.395052
0.000010 0.000010 0.818671 0.003527 0.177782
0.000010 0.999960 0.000010 0.000010 0.000010
