0.000010 0.000010 0.146655 0.093961 0.759363
0.000010 0.007818 0.000010 0.000010 0.992152
0.000010 0.012219 0.229250 0.108011 0.650509
0.000010 0.000010 0.999960 0.000010 0.000010
0.999960 0.000010 0.000010 0.000010 0.000010
0.243682 0.756286 0.000012 0.000010 0.000010
0.000010 0.000010 0.138597 0.064735 0.796648
0.000015 0.000010 0.132988 0.104429 0.762558
0.000010 0.004888 0.257636 0.070148 0.667318
0.007023 0.000010 0.000010 0.039534 0.953422
0.008722 0.000010 0.000010 0.000010 0.991248
0.000010 0.000010 0.214797 0.013115 0.772068
0.000010 0.000010 0.205005 0.140652 0.654324
0.000010 0.012571 0.000010 0.047462 0.939947
0.000010 0.000010 0.071303 0.072262 0.856415
0.006062 0.000010 0.000010 0.000010 0.993908
0.999960 0.000010 0.000010 0.000010 0.000010
0.022966 0.000010 0.000010 0.024086 0.952928
0.000748 0.000010 0.137754 0.095008 0.766480
0.000010 0.999960 0.000010 0.000010 0.000010
0.000010 0.999960 0.000010 0.000010 0.000010
0.000010 0.000010 0.999960 0.000010 0.000010
0.000010 0.000010 0.000010 0.999960 0.000010
0.000010 0.015635 0.041420 0.171577 0.771357
0.005516 0.000010 0.138632 0.033229 0.822613
0.000010 0.000010 0.000010 0.999960 0.000010
0.999960 0.000010 0.000010 0.000010 0.000010
0.000010 0.000010 0.000010 0.000010 0.999960
0.150722 0.849248 0.000010 0.000010 0.000010
0.017524 0.000010 0.038976 0.000010 0.943480
0.000010 0.999960 0.000010 0.000010 0.000010
0.999960 0.000010 0.000010 0.000010 0.000010
0.000010 0.000010 0.999960 0.000010 0.000010
0.000010 0.000010 0.175743 0.077325 0.746913
0.000010 0.009826 0.362656 0.286815 0.340693
0.000010 0.010115 0.000010 0.000010 0.989855
0.000010 0.010682 0.024621 0.000010 0.964677
0.000010 0.005042 0.216026 0.198994 0.579928
0.007948 0.000010 0.204854 0.127716 0.659472
0.000010 0.999960 0.000010 0.000010 0.000010
