0.000010 0.147202 0.758235 0.094553
0.000440 0.000010 0.999540 0.000010
0.006572 0.230400 0.654263 0.108765
0.000010 0.999970 0.000010 0.000010
0.999970 0.000010 0.000010 0.000010
0.999969 0.000010 0.000011 0.000010
0.000010 0.138680 0.796064 0.065246
0.000010 0.133621 0.761445 0.104923
0.000144 0.258639 0.670489 0.070727
0.000850 0.000010 0.959272 0.039869
0.001470 0.000010 0.998510 0.000010
0.000010 0.215425 0.770897 0.013668
0.000010 0.205299 0.653889 0.140802
0.005975 0.000010 0.946269 0.047746
0.000010 0.071905 0.855422 0.072663
0.000010 0.000010 0.999970 0.000010
0.999970 0.000010 0.000010 0.000010
0.015186 0.000010 0.960708 0.024096
0.000010 0.137830 0.766915 0.095245
0.999962 0.000010 0.000018 0.000010
0.999970 0.000010 0.000010 0.000010
0.000010 0.999970 0.000010 0.000010
0.000010 0.000010 0.000010 0.999970
0.010328 0.041648 0.775295 0.172730
0.000064 0.139364 0.826739 0.033832
0.000010 0.000010 0.000010 0.999970
0.999970 0.000010 0.000010 0.000010
0.000010 0.000010 0.999970 0.000010
0.999970 0.000010 0.000010 0.000010
0.012496 0.036259 0.951236 0.000010
0.999970 0.000010 0.000010 0.000010
0.999970 0.000010 0.000010 0.000010
0.000010 0.999970 0.000010 0.000010
0.000010 0.176399 0.744833 0.078758
0.007299 0.363125 0.342373 0.287203
0.003105 0.000010 0.996875 0.000010
0.000423 0.022154 0.977412 0.000010
0.000010 0.216555 0.583783 0.199652
0.003781 0.206165 0.662466 0.127588
0.999970 0.000010 0.000010 0.000010
