0.000010 0.181330 0.818660
0.004320 0.000010 0.995670
0.007097 0.278523 0.714380
0.000010 0.999980 0.000010
0.999980 0.000010 0.000010
0.999980 0.000010 0.000010
0.000010 0.163687 0.836303
0.000010 0.170101 0.829889
0.001411 0.288813 0.709776
0.002999 0.000010 0.996991
0.007122 0.000010 0.992868
0.000010 0.223246 0.776744
0.000010 0.265384 0.734606
0.007603 0.000010 0.992387
0.000010 0.086858 0.913132
0.003229 0.000010 0.996761
0.999980 0.000010 0.000010
0.017678 0.000010 0.982312
0.000010 0.178515 0.821475
0.999976 0.000014 0.000010
0.999980 0.000010 0.000010
0.000010 0.999980 0.000010
0.004858 0.371949 0.623193
0.009798 0.098763 0.891439
0.001973 0.151255 0.846773
0.000010 0.281024 0.718966
0.999980 0.000010 0.000010
0.000010 0.000010 0.999980
0.999980 0.000010 0.000010
0.016726 0.024772 0.958502
0.999980 0.000010 0.000010
0.999980 0.000010 0.000010
0.000010 0.999980 0.000010
0.000010 0.205959 0.794031
0.004856 0.494682 0.500463
0.006881 0.000010 0.993109
0.004430 0.009130 0.986440
0.000010 0.302624 0.697366
0.003324 0.251029 0.745647
0.999980 0.000010 0.000010
