0.000010 0.122240 0.000010 0.000010 0.877720 0.000010
0.151795 0.000010 0.000010 0.014739 0.785768 0.047678
0.041807 0.202643 0.000010 0.010753 0.695187 0.049600
0.000010 0.999950 0.000010 0.000010 0.000010 0.000010
0.000010 0.000010 0.999946 0.000014 0.000010 0.000010
0.000010 0.000010 0.244148 0.755812 0.000010 0.000010
0.000010 0.000010 0.000010 0.000010 0.000010 0.999950
0.000010 0.088385 0.000010 0.000010 0.911575 0.000010
0.002239 0.237574 0.000010 0.004845 0.697013 0.058319
0.158688 0.000010 0.010509 0.000010 0.830772 0.000010
0.000010 0.000010 0.000010 0.000010 0.000010 0.999950
0.011044 0.170087 0.000010 0.000010 0.748660 0.070189
0.066429 0.210559 0.000010 0.000010 0.617611 0.105381
0.114269 0.000010 0.000010 0.012358 0.873343 0.000010
0.098835 0.039030 0.000010 0.000010 0.862104 0.000010
0.000019 0.000010 0.011762 0.000010 0.988190 0.000010
0.000010 0.000010 0.999950 0.000010 0.000010 0.000010
0.999950 0.000010 0.000010 0.000010 0.000010 0.000010
0.144322 0.135722 0.001853 0.000010 0.570924 0.147168
0.000010 0.000010 0.000010 0.999950 0.000010 0.000010
0.000010 0.000010 0.000016 0.999944 0.000010 0.000010
0.000010 0.999950 0.000010 0.000010 0.000010 0.000010
0.000010 0.291094 0.007076 0.000010 0.701800 0.000010
0.000010 0.000010 0.000010 0.008354 0.991606 0.000010
0.000010 0.088221 0.005777 0.000010 0.818883 0.087100
0.000010 0.163486 0.000010 0.000010 0.836474 0.000010
0.000010 0.000010 0.999950 0.000010 0.000010 0.000010
0.999950 0.000010 0.000010 0.000010 0.000010 0.000010
0.000010 0.000010 0.151684 0.848276 0.000010 0.000010
0.999950 0.000010 0.000010 0.000010 0.000010 0.000010
0.000010 0.000010 0.000018 0.999942 0.000010 0.000010
0.000010 0.000010 0.999950 0.000010 0.000010 0.000010
0.000010 0.999950 0.000010 0.000010 0.000010 0.000010
0.999950 0.000010 0.000010 0.000010 0.000010 0.000010
0.000010 0.436353 0.000010 0.006698 0.556919 0.000010
0.180593 0.000010 0.000010 0.016193 0.753469 0.049725
0.230854 0.029552 0.000010 0.014902 0.486760 0.237922
0.105163 0.253315 0.000010 0.004241 0.577943 0.059329
0.023227 0.186979 0.007715 0.000010 0.747515 0.034554
0.000010 0.000010 0.000010 0.999950 0.000010 0.000010
