0.000010 0.673872 0.000010 0.326108
0.000010 0.997953 0.002027 0.000010
0.000010 0.527693 0.011587 0.460710
0.000010 0.000010 0.000010 0.999970
0.999970 0.000010 0.000010 0.000010
0.243782 0.000010 0.756198 0.000010
0.000010 0.703204 0.000010 0.296776
0.000010 0.700628 0.000010 0.299352
0.000010 0.592934 0.001920 0.405136
0.001508 0.998472 0.000010 0.000010
0.002722 0.997258 0.000010 0.000010
0.000010 0.681595 0.000010 0.318385
0.000010 0.554605 0.000010 0.445375
0.000010 0.990783 0.009197 0.000010
0.000010 0.795257 0.000010 0.204723
0.000010 0.999970 0.000010 0.000010
0.999970 0.000010 0.000010 0.000010
0.019593 0.980387 0.000010 0.000010
0.000010 0.687710 0.000010 0.312270
0.000010 0.000010 0.999970 0.000010
0.000010 0.000010 0.999970 0.000010
0.000010 0.000010 0.000010 0.999970
0.000010 0.000010 0.000010 0.999970
0.000010 0.726515 0.014859 0.258617
0.003417 0.749858 0.000010 0.246714
0.000010 0.308295 0.000010 0.691685
0.999970 0.000010 0.000010 0.000010
0.000010 0.999970 0.000010 0.000010
0.150934 0.000010 0.849046 0.000010
0.013062 0.986918 0.000010 0.000010
0.000010 0.000013 0.999967 0.000010
0.999970 0.000010 0.000010 0.000010
0.000010 0.000010 0.000010 0.999970
0.000010 0.672692 0.000010 0.327288
0.000010 0.000010 0.000010 0.999970
0.000010 0.996113 0.003867 0.000010
0.000010 0.978933 0.006904 0.014153
0.000010 0.483299 0.003268 0.513423
0.006836 0.563948 0.000010 0.429205
0.000010 0.000010 0.999970 0.000010
