0.032514 0.000010 0.967466 0.000010
0.000010 0.374379 0.613559 0.012052
0.155063 0.019903 0.816743 0.008290
0.999970 0.000010 0.000010 0.000010
0.000016 0.000010 0.000010 0.999964
0.000010 0.000010 0.000010 0.999970
0.082304 0.221226 0.696460 0.000010
0.000010 0.000010 0.999970 0.000010
0.193289 0.118212 0.685870 0.002629
0.000010 0.302942 0.687887 0.009161
0.000010 0.999970 0.000010 0.000010
0.127105 0.148898 0.723987 0.000010
0.160955 0.169333 0.669702 0.000010
0.000010 0.266480 0.720027 0.013483
0.000010 0.199501 0.800479 0.000010
0.000010 0.356336 0.630590 0.013063
0.000010 0.000020 0.000010 0.999960
0.000010 0.589897 0.387949 0.022144
0.094620 0.261568 0.643633 0.000179
0.000010 0.000010 0.000010 0.999970
0.000010 0.000010 0.000010 0.999970
0.999970 0.000010 0.000010 0.000010
0.162212 0.000010 0.837768 0.000010
0.000010 0.000010 0.997899 0.002081
0.047886 0.146883 0.800900 0.004331
0.000010 0.000010 0.999970 0.000010
0.000010 0.000010 0.000010 0.999970
0.000010 0.999970 0.000010 0.000010
0.000010 0.000010 0.000010 0.999970
0.000010 0.999970 0.000010 0.000010
0.000018 0.000010 0.000010 0.999962
0.000018 0.000010 0.000010 0.999962
0.999970 0.000010 0.000010 0.000010
0.131030 0.244146 0.624814 0.000010
0.350348 0.000010 0.647106 0.002536
0.000010 0.419044 0.568506 0.012440
0.000010 0.999970 0.000010 0.000010
0.197674 0.179137 0.623180 0.000010
0.125247 0.000010 0.873170 0.001573
0.000010 0.000010 0.000010 0.999970
