0.696131 0.000010 0.000010 0.076206 0.227633 0.000010
0.990081 0.000010 0.000010 0.000010 0.000010 0.009879
0.588921 0.013952 0.000010 0.129202 0.267905 0.000010
0.000010 0.000010 0.000010 0.999950 0.000010 0.000010
0.000010 0.000010 0.000010 0.000010 0.000010 0.999950
0.000010 0.000010 0.731717 0.000010 0.000010 0.268243
0.744959 0.000010 0.000010 0.074796 0.180215 0.000010
0.717957 0.000010 0.000010 0.039419 0.242594 0.000010
0.624831 0.000010 0.006260 0.145724 0.223164 0.000010
0.976661 0.000010 0.009906 0.000010 0.013404 0.000010
0.987534 0.012426 0.000010 0.000010 0.000010 0.000010
0.716680 0.000010 0.001742 0.079867 0.201690 0.000010
0.594902 0.000010 0.000010 0.099420 0.305648 0.000010
0.903475 0.019102 0.000010 0.000010 0.077393 0.000010
0.810395 0.000010 0.000010 0.045106 0.144469 0.000010
0.993196 0.000010 0.000010 0.000010 0.000010 0.006764
0.000010 0.000010 0.000010 0.000010 0.000010 0.999950
0.931726 0.000010 0.000010 0.000010 0.041012 0.027232
0.719479 0.004179 0.000010 0.058460 0.217862 0.000010
0.000010 0.999950 0.000010 0.000010 0.000010 0.000010
0.000010 0.000248 0.999712 0.000010 0.000010 0.000010
0.000010 0.000010 0.000010 0.999950 0.000010 0.000010
0.000010 0.000010 0.000010 0.000010 0.999950 0.000010
0.731357 0.000010 0.017549 0.017168 0.233906 0.000010
0.775890 0.000010 0.000010 0.067977 0.147969 0.008144
0.000010 0.000010 0.000010 0.000010 0.999950 0.000010
0.000010 0.999950 0.000010 0.000010 0.000010 0.000010
0.895680 0.000010 0.000010 0.000010 0.104280 0.000010
0.000010 0.469225 0.530735 0.000010 0.000010 0.000010
0.933293 0.000010 0.021137 0.045539 0.000010 0.000010
0.000010 0.000010 0.999950 0.000010 0.000010 0.000010
0.000010 0.000010 0.000010 0.000010 0.000010 0.999950
0.000010 0.000010 0.000010 0.430831 0.569129 0.000010
0.701195 0.000010 0.000010 0.084338 0.214437 0.000010
0.000010 0.000010 0.000010 0.000010 0.999950 0.000010
0.988024 0.000010 0.011936 0.000010 0.000010 0.000010
0.967658 0.000010 0.012620 0.016815 0.002886 0.000010
0.501977 0.000010 0.005433 0.107821 0.384750 0.000010
0.582574 0.000010 0.000010 0.099237 0.308435 0.009733
0.000010 0.000010 0.999950 0.000010 0.000010 0.000010
