0.229627 0.694605 0.075759 0.000010
0.000010 0.999970 0.000010 0.000010
0.270688 0.593495 0.129240 0.006577
0.000010 0.000010 0.999970 0.000010
0.000010 0.000010 0.000010 0.999970
0.000010 0.000010 0.000010 0.999970
0.180977 0.744701 0.074311 0.000010
0.243875 0.717213 0.038902 0.000010
0.224790 0.629508 0.145692 0.000010
0.010434 0.989546 0.000010 0.000010
0.000010 0.999970 0.000010 0.000010
0.203193 0.717295 0.079502 0.000010
0.307039 0.594059 0.098893 0.000010
0.078190 0.915179 0.000010 0.006621
0.144706 0.810481 0.044803 0.000010
0.000010 0.999970 0.000010 0.000010
0.000010 0.000010 0.000010 0.999970
0.038450 0.946363 0.000010 0.015177
0.218869 0.723328 0.057793 0.000010
0.000010 0.000010 0.000010 0.999970
0.000010 0.000010 0.000010 0.999970
0.000016 0.000010 0.999964 0.000010
0.999780 0.000010 0.000200 0.000010
0.235924 0.736157 0.017359 0.010560
0.150261 0.782375 0.067354 0.000010
0.999970 0.000010 0.000010 0.000010
0.000010 0.000010 0.000010 0.999970
0.107007 0.892973 0.000010 0.000010
0.000010 0.000010 0.000010 0.999970
0.000010 0.945531 0.044165 0.010293
0.000010 0.000010 0.000010 0.999970
0.000010 0.000010 0.000010 0.999970
0.570131 0.000010 0.429849 0.000010
0.214964 0.700843 0.084184 0.000010
0.999970 0.000010 0.000010 0.000010
0.000010 0.999228 0.000010 0.000752
0.000010 0.987059 0.012921 0.000010
0.385868 0.506563 0.107559 0.000010
0.311657 0.586376 0.099171 0.002796
0.000010 0.000010 0.000010 0.999970
