0.000010 0.000010 0.000010 0.000010 0.000010 0.999950
0.999950 0.000010 0.000010 0.000010 0.000010 0.000010
0.000010 0.014903 0.000010 0.165930 0.015503 0.803644
0.000132 0.000010 0.000010 0.999828 0.000010 0.000010
0.000010 0.000010 0.999950 0.000010 0.000010 0.000010
0.000010 0.000010 0.243301 0.000010 0.756659 0.000010
0.000010 0.051266 0.001059 0.000010 0.000010 0.947646
0.000010 0.000010 0.000010 0.000010 0.000010 0.999950
0.117198 0.048026 0.000010 0.216067 0.005360 0.613339
0.304593 0.100770 0.000010 0.000010 0.010706 0.583911
0.000010 0.999942 0.000018 0.000010 0.000010 0.000010
0.099659 0.064728 0.000010 0.145948 0.000010 0.689644
0.000010 0.087712 0.000010 0.178095 0.000010 0.734162
0.999949 0.000011 0.000010 0.000010 0.000010 0.000010
0.168312 0.080653 0.000010 0.000010 0.000010 0.751005
0.999950 0.000010 0.000010 0.000010 0.000010 0.000010
0.000010 0.000010 0.999950 0.000010 0.000010 0.000010
0.070219 0.359481 0.027668 0.000010 0.000010 0.542613
0.000010 0.132212 0.002114 0.050778 0.000010 0.814876
0.000010 0.000010 0.000010 0.000010 0.999950 0.000010
0.000010 0.000010 0.000010 0.000010 0.999950 0.000010
0.000064 0.000010 0.000010 0.999896 0.000010 0.000010
0.000010 0.000010 0.003969 0.316478 0.000010 0.679523
0.000010 0.000010 0.000010 0.000010 0.003986 0.995974
0.118282 0.034769 0.006630 0.000010 0.000010 0.840299
0.000010 0.000010 0.000010 0.191315 0.000010 0.808645
0.000010 0.000010 0.999950 0.000010 0.000010 0.000010
0.999950 0.000010 0.000010 0.000010 0.000010 0.000010
0.000010 0.000010 0.150367 0.000010 0.849593 0.000010
0.000010 0.999950 0.000010 0.000010 0.000010 0.000010
0.000010 0.000010 0.000010 0.000010 0.999950 0.000010
0.000010 0.000010 0.999950 0.000010 0.000010 0.000010
0.000010 0.000010 0.000010 0.999950 0.000010 0.000010
0.000010 0.116105 0.000010 0.112574 0.000010 0.771292
0.000010 0.000010 0.000010 0.999950 0.000010 0.000010
0.342520 0.164054 0.000010 0.000010 0.015939 0.477467
0.154908 0.290784 0.000010 0.017773 0.014920 0.521607
0.003017 0.092465 0.000010 0.271570 0.004539 0.628399
0.000010 0.000010 0.001009 0.093687 0.000010 0.905274
0.000010 0.000010 0.000017 0.000010 0.999943 0.000010
