0.181351 0.000010 0.818639
0.000010 0.004316 0.995674
0.278547 0.007096 0.714357
0.999980 0.000010 0.000010
0.000010 0.999980 0.000010
0.000010 0.999980 0.000010
0.163712 0.000010 0.836278
0.170125 0.000010 0.829865
0.288835 0.001409 0.709756
0.000010 0.002992 0.996998
0.000010 0.007118 0.992872
0.223242 0.000010 0.776748
0.265405 0.000010 0.734585
0.000010 0.007600 0.992390
0.086877 0.000010 0.913113
0.000010 0.003224 0.996766
0.000010 0.999980 0.000010
0.000010 0.017675 0.982315
0.178536 0.000010 0.821454
0.000010 0.999980 0.000010
0.000010 0.999980 0.000010
0.999980 0.000010 0.000010
0.371982 0.004858 0.623160
0.098793 0.009796 0.891410
0.151273 0.001971 0.846756
0.281061 0.000010 0.718929
0.000010 0.999980 0.000010
0.000010 0.000010 0.999980
0.000010 0.999980 0.000010
0.024778 0.016723 0.958499
0.000010 0.999980 0.000010
0.000010 0.999980 0.000010
0.999980 0.000010 0.000010
0.206219 0.000010 0.793771
0.494709 0.004856 0.500435
0.000010 0.006878 0.993112
0.009131 0.004426 0.986443
0.302648 0.000010 0.697342
0.251053 0.003322 0.745625
0.000010 0.999980 0.000010
