0.000010 0.999980 0.000010
0.000010 0.999980 0.000010
0.000010 0.999980 0.000010
0.000010 0.000010 0.999980
0.999974 0.000016 0.000010
0.999980 0.000010 0.000010
0.000010 0.999980 0.000010
0.000010 0.999980 0.000010
0.000010 0.999980 0.000010
0.000010 0.999980 0.000010
0.006640 0.000010 0.993350
0.000010 0.999980 0.000010
0.000010 0.000010 0.999980
0.000010 0.999980 0.000010
0.000010 0.999980 0.000010
0.000010 0.999980 0.000010
0.999979 0.000011 0.000010
0.002493 0.997497 0.000010
0.000010 0.460930 0.539060
0.999980 0.000010 0.000010
0.999980 0.000010 0.000010
0.000010 0.000010 0.999980
0.000015 0.000010 0.999975
0.000010 0.999980 0.000010
0.000010 0.491928 0.508062
0.000010 0.000010 0.999980
0.999979 0.000011 0.000010
0.000010 0.999980 0.000010
0.999974 0.000016 0.000010
0.012470 0.000010 0.987520
0.999980 0.000010 0.000010
0.999977 0.000013 0.000010
0.000010 0.000010 0.999980
0.000010 0.999980 0.000010
0.000010 0.000010 0.999980
0.000010 0.999980 0.000010
0.000010 0.999980 0.000010
0.000010 0.000010 0.999980
0.000010 0.000010 0.999980
0.999977 0.000013 0.000010
