0.491694 0.000010 0.000010 0.000010 0.508276
0.999960 0.000010 0.000010 0.000010 0.000010
0.999960 0.000010 0.000010 0.000010 0.000010
0.000010 0.000010 0.000010 0.000010 0.999960
0.000010 0.000010 0.000010 0.999960 0.000010
0.000010 0.999960 0.000010 0.000010 0.000010
0.000010 0.000010 0.999960 0.000010 0.000010
0.999960 0.000010 0.000010 0.000010 0.000010
0.775723 0.000010 0.000010 0.000010 0.224247
0.999960 0.000010 0.000010 0.000010 0.000010
0.000010 0.000010 0.999639 0.000331 0.000010
0.999960 0.000010 0.000010 0.000010 0.000010
0.000010 0.000010 0.373801 0.000010 0.626169
0.000010 0.000010 0.998914 0.001056 0.000010
0.000010 0.000010 0.999960 0.000010 0.000010
0.999960 0.000010 0.000010 0.000010 0.000010
0.000010 0.000010 0.000010 0.999960 0.000010
0.999254 0.000010 0.000010 0.000716 0.000010
0.000010 0.000010 0.999763 0.000207 0.000010
0.000010 0.999960 0.000010 0.000010 0.000010
0.000010 0.999960 0.000010 0.000010 0.000010
0.000012 0.000010 0.000010 0.000010 0.999958
0.000010 0.000010 0.999960 0.000010 0.000010
0.999960 0.000010 0.000010 0.000010 0.000010
0.000010 0.000010 0.999707 0.000263 0.000010
0.000010 0.000010 0.999960 0.000010 0.000010
0.000010 0.000010 0.000010 0.999960 0.000010
0.000010 0.000010 0.000010 0.000010 0.999960
0.000010 0.999960 0.000010 0.000010 0.000010
0.000010 0.000010 0.000010 0.013829 0.986141
0.000010 0.999960 0.000010 0.000010 0.000010
0.000010 0.000010 0.000010 0.999960 0.000010
0.000010 0.000010 0.000413 0.000010 0.999557
0.000010 0.000010 0.000010 0.000010 0.999960
0.000010 0.000010 0.999960 0.000010 0.000010
0.000255 0.000010 0.999242 0.000482 0.000010
0.999960 0.000010 0.000010 0.000010 0.000010
0.000010 0.000010 0.999960 0.000010 0.000010
0.000010 0.000010 0.000010 0.000491 0.999479
0.000010 0.999960 0.000010 0.000010 0.000010
