0.431913 0.000010 0.568077
0.000010 0.000010 0.999980
0.999980 0.000010 0.000010
0.999980 0.000010 0.000010
0.000010 0.999980 0.000010
0.000010 0.999980 0.000010
0.000010 0.000010 0.999980
0.999980 0.000010 0.000010
0.999980 0.000010 0.000010
0.000010 0.000010 0.999980
0.000010 0.000010 0.999980
0.999979 0.000011 0.000010
0.484097 0.000010 0.515893
0.635284 0.000010 0.364706
0.000010 0.000010 0.999980
0.000010 0.000010 0.999980
0.000010 0.999980 0.000010
0.982175 0.017815 0.000010
0.999980 0.000010 0.000010
0.000010 0.999980 0.000010
0.000010 0.999980 0.000010
0.999980 0.000010 0.000010
0.999980 0.000010 0.000010
0.704987 0.000010 0.295003
0.000010 0.000010 0.999980
0.999980 0.000010 0.000010
0.000010 0.999980 0.000010
0.000010 0.000010 0.999980
0.000010 0.999980 0.000010
0.000010 0.000010 0.999980
0.000010 0.999980 0.000010
0.000010 0.999980 0.000010
0.999980 0.000010 0.000010
0.000010 0.000010 0.999980
0.999980 0.000010 0.000010
0.000010 0.000010 0.999980
0.000010 0.000010 0.999980
0.999980 0.000010 0.000010
0.999972 0.000018 0.000010
0.000010 0.999980 0.000010
