0.000010 0.999437 0.000533 0.000010 0.000010
0.999960 0.000010 0.000010 0.000010 0.000010
0.318029 0.486541 0.195410 0.000010 0.000010
0.000010 0.000010 0.999960 0.000010 0.000010
0.000010 0.000010 0.000010 0.999960 0.000010
0.000010 0.000010 0.000010 0.546477 0.453493
0.000098 0.000010 0.999872 0.000010 0.000010
0.999960 0.000010 0.000010 0.000010 0.000010
0.000010 0.999596 0.000373 0.000011 0.000010
0.000144 0.999826 0.000010 0.000010 0.000010
0.000052 0.999918 0.000010 0.000010 0.000010
0.999960 0.000010 0.000010 0.000010 0.000010
0.999960 0.000010 0.000010 0.000010 0.000010
0.999960 0.000010 0.000010 0.000010 0.000010
0.999960 0.000010 0.000010 0.000010 0.000010
0.999960 0.000010 0.000010 0.000010 0.000010
0.000010 0.000010 0.000010 0.999960 0.000010
0.000010 0.000010 0.992535 0.007435 0.000010
0.999960 0.000010 0.000010 0.000010 0.000010
0.000010 0.000012 0.000010 0.000010 0.999958
0.000010 0.000010 0.000010 0.000010 0.999960
0.000010 0.000010 0.999960 0.000010 0.000010
0.000010 0.999617 0.000353 0.000010 0.000010
0.999960 0.000010 0.000010 0.000010 0.000010
0.000010 0.999678 0.000292 0.000010 0.000010
0.000010 0.999815 0.000155 0.000010 0.000010
0.000010 0.000010 0.000010 0.999960 0.000010
0.000010 0.999954 0.000015 0.000011 0.000010
0.000010 0.000010 0.000010 0.000010 0.999960
0.000010 0.999960 0.000010 0.000010 0.000010
0.000010 0.000010 0.000010 0.000010 0.999960
0.000010 0.000010 0.000010 0.999960 0.000010
0.000010 0.000010 0.999960 0.000010 0.000010
0.000010 0.000010 0.999960 0.000010 0.000010
0.000010 0.000010 0.999960 0.000010 0.000010
0.000010 0.999960 0.000010 0.000010 0.000010
0.999960 0.000010 0.000010 0.000010 0.000010
0.000010 0.000010 0.999960 0.000010 0.000010
0.000014 0.000010 0.999956 0.000010 0.000010
0.000014 0.000010 0.000010 0.000010 0.999956
