WA02 WA02 -0.226232 -0.0348661 -0.34561 -0.146253 0.166132 0.246533 -0.162354 -0.286494 0.36807 0.380801 0.520925 -0.110069 -0.00396167 -0.0165092 -0.0147405 -0.0198319 0.00516703 0.0162462 0.00566402 0.211582
WA05 WA05 0.199956 -0.299463 -0.0307438 0.0838915 -0.0259305 -0.000607971 -0.0103052 0.00974599 -0.00503007 -0.058574 0.000307918 -0.0423847 -0.0434255 -0.625984 -0.357589 0.192731 -0.198099 0.0810129 -0.438442 0.243794
WB01 WB01 0.198869 0.140285 0.0252831 0.0216375 -0.00385874 0.0207209 -0.0498608 -0.00650653 0.000523525 0.0688542 -0.072724 -0.0228695 -0.827646 -0.0641026 0.165268 -0.370153 -0.105587 -0.0863786 0.0275825 0.230941
WB05 WB05 -0.222675 0.00777409 -0.242921 0.0621131 -0.211039 -0.592922 0.208567 -0.109001 -0.479275 -0.0444076 0.384851 -0.0616735 -0.0654751 0.045349 -0.00198858 0.00351173 0.000920454 0.00346531 0.0100176 0.214357
WC01 WC01 -0.22566 -0.0129865 0.395496 0.0554515 -0.30455 0.540234 0.538256 -0.0988814 -0.195156 0.102969 0.105923 -0.0244972 0.00191188 -0.0156704 0.0132964 0.000768244 0.010341 -0.00626775 0.00493625 0.210266
WC04 WC04 -0.226759 0.0141153 -0.303198 -0.0549351 0.0215736 -0.183351 0.326649 -0.0666924 0.128212 0.444637 -0.663085 0.0351071 0.0712034 -0.0545446 0.0098739 0.0104425 -0.0105872 -0.0134601 0.00974755 0.210974
WD01 WD01 -0.230176 0.0127953 -0.446146 0.122781 0.0157456 0.396969 -0.240281 -0.233116 -0.267452 -0.517401 -0.264681 0.0398877 -0.00282756 0.0660249 0.0367583 0.0132795 0.00295321 0.00379241 0.00862681 0.214358
WD02 WD02 0.23052 -0.499219 -0.0145377 0.0058268 -0.00731975 -0.0118106 0.0158172 0.0136295 0.0148574 -0.0363716 0.00818199 -0.0147904 0.0428282 -0.165043 0.249934 0.180868 -0.0901303 -0.00537249 0.719429 0.212019
WD03 WD03 -0.219944 -0.0156204 0.351498 -0.029457 -0.40281 -0.284268 -0.18471 -0.39148 0.499974 -0.292008 -0.106934 0.00353681 -0.00910081 0.0507069 -0.0385156 0.00522069 0.0145145 0.0157336 0.00946814 0.212418
WD05 WD05 0.19 0.239025 -0.0166769 -0.00406222 -0.0605468 -0.0102329 -0.0346283 -0.036107 -0.00407534 0.0411042 0.121325 0.796397 0.243311 -0.21012 0.244982 -0.150957 0.0775187 0.0191126 -0.0465051 0.234164
WE01 WE01 0.220896 0.303979 0.0236341 -0.0644359 0.0206248 0.00622055 0.0194932 -0.0140516 -0.00509246 -0.0126233 0.00611476 -0.134284 0.23796 0.258036 -0.020378 -0.0110694 -0.798816 0.139598 0.0260975 0.229725
WF02 WF02 0.226931 -0.314282 -0.0129755 -0.0264083 0.00567793 0.0125916 0.0165023 0.02048 -0.0397286 0.0188546 -0.0298949 0.0533676 0.135968 0.335144 -0.504585 -0.551573 0.212472 0.230153 0.0561642 0.226692
WF03 WF03 -0.302139 -0.0268018 0.243691 -0.623763 0.517583 -0.0822523 0.101406 0.16314 -0.0595158 -0.271022 0.00376505 0.0723616 -0.0451395 -0.0779824 -0.0213255 -0.017426 -0.0027256 -0.0116831 0.00174015 0.238123
WF04 WF04 0.225741 0.180756 -0.00347635 -0.0625362 0.00632827 0.0329 -0.00594771 -0.00351256 -0.0112681 0.070709 0.00375656 0.220253 -0.239876 0.341619 -0.404219 0.627358 0.174464 -0.188935 0.0912637 0.227912
WF05 WF05 -0.223754 -0.0230972 0.211355 -0.126946 -0.266109 0.0435585 -0.635586 0.296015 -0.332353 0.381329 -0.107704 -0.0679484 0.0795034 -0.0232367 0.0193823 0.0253041 0.0017525 0.00211228 0.00838348 0.210394
WG01 WG01 0.220486 0.286868 -0.00393562 -0.0132419 0.00551532 -0.00880969 0.00919162 -0.00140186 0.00672166 -0.0775672 -8.19014e-05 -0.365155 0.303552 -0.202511 -0.0635839 -0.196114 0.214233 -0.670597 0.0781361 0.227923
WG02 WG02 0.230519 -0.377243 0.0128877 -0.0537607 0.0303032 -0.0178413 0.0290679 0.00580533 0.0171231 0.00480903 -0.0129232 -0.0961182 0.0662973 0.392419 0.512019 0.112176 0.0999955 -0.148465 -0.5168 0.239577
WH01 WH01 -0.218972 0.0360732 -0.20731 0.219132 -0.177135 0.0298324 0.115544 0.750829 0.376834 -0.200974 0.120317 0.0187704 -0.0251049 0.0674262 0.00193927 -0.00657366 -0.0099839 -0.00305705 0.004453 0.218672
WH02 WH02 -0.191 0.0121495 0.31685 0.692355 0.543237 -0.108907 -0.0893925 -0.0609369 -0.0193193 0.0887289 0.00284848 0.018624 0.043336 0.0512104 -0.00194854 0.0160748 0.00658869 -0.00782638 0.0225552 0.225773
WH05 WH05 0.219036 0.362054 0.0133335 -0.0276435 0.0331724 -0.00631158 0.0248277 0.0150513 0.00899886 -0.0432999 -0.0291255 -0.348336 0.0505524 -0.125554 0.183156 0.139277 0.406537 0.636172 0.0299395 0.227434
