WA02 WA02 -0.23617 -0.0228187 0.366818 0.106336 -0.400767 0.377781 0.117295 0.451811 -0.0642802 0.234503 -0.415284 -0.00785899 -0.00635687 0.00541628 -0.00192115 -0.00366618 0.00804338 0.00183602 -0.00996519 -0.211463
WA05 WA05 0.211376 -0.269712 0.0140277 0.0527599 0.029892 -0.0118546 0.00169968 0.00640234 0.0128864 -0.00204633 0.00851489 0.0757504 0.25781 0.595746 0.280354 0.110445 0.239312 0.0997047 0.477869 -0.254541
WB01 WB01 0.201148 0.115411 -0.00968606 0.00751809 0.0154712 0.00441817 0.000531116 0.0158151 -0.0113367 0.000811498 0.00477065 0.589234 -0.497321 0.193216 -0.179603 -0.436606 0.125204 -0.143297 -0.040178 -0.229878
WB05 WB05 -0.230932 0.00208003 0.228516 -0.124004 0.271452 -0.598605 -0.121646 -0.0128922 0.42567 0.289288 -0.34597 -0.00546457 -0.0272391 -0.0120947 0.00708046 0.00617323 -0.00126764 -0.00306887 -0.0132981 -0.215218
WC01 WC01 -0.231763 -0.0222835 -0.461899 0.358178 -0.300368 -0.00642812 -0.629229 -0.208729 -0.0503862 0.060655 -0.155053 -0.00151281 -0.00142418 0.00084822 -0.0101939 -0.000342307 -0.00407607 -0.00287953 -0.010923 -0.209465
WC04 WC04 -0.234087 0.00306955 0.299034 -0.202595 -0.139402 -0.388462 -0.115219 0.00516572 -0.593581 -0.48225 0.0273115 -0.000885203 0.00430698 0.0160568 0.0117486 0.000412993 0.0101925 0.000681803 -0.0152903 -0.211392
WD01 WD01 -0.234984 0.0110535 0.436437 0.0787002 0.0521405 0.32302 -0.284615 -0.112093 0.45595 -0.298437 0.450837 -0.00291386 -0.0154644 -0.0108773 -0.0070392 0.00273395 -0.0095063 0.00120111 -0.0101887 -0.21571
WD02 WD02 0.234497 -0.495035 0.0155987 0.0124824 0.0109335 -0.00739176 0.00438519 -0.0072427 0.00434769 -0.00207021 0.00809104 -0.0436055 0.0906807 0.170438 -0.261243 0.205452 0.122695 -0.00463928 -0.702698 -0.201805
WD03 WD03 -0.220581 -0.0194301 -0.35503 -0.23759 0.155971 -0.053002 -0.103684 0.653965 -0.0485594 0.196239 0.463612 -0.0286741 -0.0106561 -0.00462243 0.00960511 0.0127345 0.00227315 0.00381337 -0.0107233 -0.213926
WD05 WD05 0.192335 0.23872 0.00941887 -0.00695251 -0.0014744 -0.0120861 -0.0149581 0.0218591 0.00385501 0.0157574 0.00202219 0.285868 0.743802 -0.206817 -0.33922 -0.191897 -0.132183 0.0374797 0.0378872 -0.234144
WE01 WE01 0.221452 0.300606 -0.0104212 -0.0320796 -0.0160183 0.0176643 -0.0166599 -0.014272 0.00711077 -0.00429744 -0.0152043 -0.345642 -0.0431835 -0.27926 0.0422736 -0.0834925 0.759136 0.141817 -0.0337563 -0.229109
WF02 WF02 0.223607 -0.337197 0.00451944 -0.00808906 -0.0197851 -0.00366498 0.000894481 -0.0113185 0.00409371 -0.00442208 0.00422903 -0.076627 -0.0195168 -0.325031 0.534935 -0.4762 -0.290406 0.261832 -0.0911051 -0.222739
WF03 WF03 -0.245459 -0.0112526 -0.179553 -0.483741 -0.474492 0.0176952 0.356571 -0.42645 0.136327 0.188399 0.17086 0.0139141 0.0142235 0.0520956 -0.00253439 -0.00451244 0.00250191 -0.00101604 -0.00579742 -0.229066
WF04 WF04 0.220595 0.189066 1.77593e-05 -0.0263608 -0.0254306 0.0170726 -0.0183018 -0.00165362 -0.00721721 0.010311 -0.00633611 0.395354 -0.0688144 -0.294538 0.413688 0.630997 -0.0635328 -0.188729 -0.0805344 -0.22404
WF05 WF05 -0.229033 -0.0268582 -0.336721 -0.261479 0.412568 0.351784 0.119535 -0.0141842 0.0784684 -0.448954 -0.451632 0.0142298 0.0195657 -0.00349096 0.00526426 0.00336546 -0.00530245 0.000773393 -0.0101692 -0.210142
WG01 WG01 0.222314 0.280989 -0.00102913 -0.0148269 -0.000669874 0.0138486 -0.01604 0.00250563 0.00172714 -0.00341093 -0.0166844 -0.455629 0.0360601 0.257098 0.118319 -0.146261 -0.260038 -0.658609 -0.0926132 -0.224276
WG02 WG02 0.22721 -0.376186 0.00874472 -0.029577 -0.014333 -0.00271795 0.00176121 -0.0152957 -0.0127698 -0.00912883 -0.0029961 -0.184883 -0.247777 -0.359811 -0.450915 0.162774 -0.128427 -0.161921 0.497128 -0.24596
WH01 WH01 -0.225883 0.00779234 0.14624 0.162128 0.479962 0.224319 0.0790415 -0.353742 -0.460478 0.460647 0.121523 -0.0173075 -0.00201932 -0.023862 0.0064751 0.000970721 -0.00334028 -0.000509687 -0.0123448 -0.22158
WH02 WH02 -0.202826 0.0397717 -0.161433 0.637496 -0.022829 -0.255177 0.566994 0.0572699 0.109869 -0.218531 0.125364 -0.024821 -0.016575 -0.0457096 -0.00257687 0.0198083 -0.00982616 -0.00629285 -0.019182 -0.234505
WH05 WH05 0.218561 0.384168 -0.00576458 -0.0185904 -0.00213971 0.0135201 -0.0142436 0.000886182 -0.00895963 -0.00052003 -0.0218317 -0.194375 -0.230318 0.253033 -0.170011 0.194198 -0.381222 0.619474 -0.0407709 -0.226072
